maxfd 0
1396623574 30.7231
1396623576 31.0087
1396623578 31.3229
1396623581 31.6006
1396623583 31.8696
1396623585 32.1285
1396623588 30.4396
1396623590 31.0783
1396623592 28.6075
1396623595 25.6318
1396623597 23.3692
1396623599 21.5322
1396623602 20.0248
1396623604 18.6399
1396623606 17.6131
1396623609 16.757
1396623611 15.996
1396623613 15.4246
1396623616 14.9227
1396623618 14.4861
1396623620 14.0634
1396623623 13.7211
1396623625 13.4293
1396623627 13.1525
1396623629 12.9302
1396623632 12.7261
1396623634 12.5231
1396623636 12.3575
1396623639 12.1998
1396623641 12.0449
1396623643 11.9154
1396623646 11.8007
1396623648 11.6938
1396623650 11.5978
1396623653 11.4982
1396623655 11.409
1396623657 11.3286
1396623660 11.2481
1396623662 11.1808
1396623664 11.118
1396623667 11.0585
1396623669 11.0049
1396623671 10.9586
1396623674 10.9158
1396623676 10.8768
1396623678 10.841
1396623681 10.8039
1396623683 10.7729
1396623685 10.7428
1396623687 10.7162
1396623690 10.6878
1396623692 10.6618
1396623694 10.6377
1396623697 10.6182
1396623699 10.6005
1396623701 10.5809
1396623704 10.5699
1396623706 10.5583
1396623708 10.5463
1396623712 10.5381
1396623714 10.5582
1396623717 10.5967
1396623719 10.6526
1396623721 10.7157
1396623724 10.7993
1396623726 10.8875
1396623729 10.9756
1396623731 11.078
1396623733 11.1856
1396623736 11.2853
1396623738 11.3987
1396623741 11.4996
1396623743 11.6099
1396623745 11.7116
1396623748 11.8222
1396623750 11.9286
1396623753 12.0232
1396623755 12.1298
1396623757 12.2208
1396623760 12.3239
1396623762 12.4188
1396623764 12.523
1396623767 12.6188
1396623769 12.7259
1396623772 12.8323
1396623774 12.9284
1396623776 13.0354
1396623779 13.1309
1396623781 13.2384
1396623784 13.3347
1396623786 13.443
1396623788 13.553
1396623791 13.6537
1396623793 13.7648
1396623796 13.866
1396623798 13.9729
1396623800 14.0704
1396623803 14.1789
1396623805 14.2858
1396623808 14.3805
1396623810 14.4845
1396623812 14.5757
1396623815 14.6749
1396623817 14.7621
1396623819 14.8585
1396623822 14.9405
1396623824 15.0325
1396623827 15.1199
1396623829 15.1991
1396623831 15.284
1396623834 15.3582
1396623836 15.4399
1396623839 15.5136
1396623841 15.5947
1396623843 15.6662
1396623846 15.7417
1396623848 15.8184
1396623851 15.8846
1396623853 15.9576
1396623855 16.0217
1396623858 16.0909
1396623860 16.153
1396623863 16.2165
1396623865 16.2836
1396623867 16.3409
1396623870 16.4068
1396623872 16.4669
1396623874 16.5319
1396623877 16.5894
1396623879 16.6572
1396623882 16.7247
1396623884 16.7807
1396623886 16.8457
1396623889 16.9041
1396623891 16.969
1396623894 17.0256
1396623896 17.0909
1396623898 17.1525
1396623901 17.2053
1396623903 17.2691
1396623906 17.3263
1396623908 17.3862
1396623910 17.4411
1396623913 17.5026
1396623915 17.5543
1396623918 17.6102
1396623920 17.6667
1396623922 17.7194
1396623925 17.7753
1396623927 17.828
1396623929 17.8809
1396623932 17.9326
1396623934 17.9877
1396623937 18.0393
1396623939 18.0923
1396623941 18.1463
1396623944 18.1947
1396623946 18.2458
1396623949 18.2894
1396623951 18.3402
1396623953 18.3847
1396623956 18.4334
1396623958 18.4842
1396623961 18.5299
1396623963 18.5829
1396623965 18.6297
1396623968 18.6826
1396623970 18.7277
1396623973 18.7796
1396623975 18.831
1396623977 18.8814
1396623980 18.9326
1396623982 18.9798
1396623984 19.029
1396623987 19.0747
1396623989 19.1222
1396623992 19.1664
1396623994 19.2158
1396623996 19.2655
1396623999 19.3075
1396624001 19.3534
1396624004 19.3965
1396624006 19.4437
1396624008 19.4869
1396624011 19.5341
1396624013 19.5813
1396624016 19.6226
1396624018 19.6684
1396624020 19.708
1396624023 19.7508
1396624025 19.7941
1396624027 19.8365
1396624030 19.8809
1396624032 19.9193
1396624035 19.964
1396624037 20.0055
1396624039 20.0499
1396624042 20.0887
1396624044 20.1331
1396624047 20.1695
1396624049 20.2143
1396624051 20.2519
1396624054 20.2944
1396624056 20.3349
1396624059 20.3725
1396624061 20.4129
1396624063 20.4488
1396624066 20.4872
1396624068 20.5226
1396624071 20.5645
1396624073 20.6043
1396624075 20.6396
1396624078 20.6822
1396624080 20.7155
1396624082 20.7557
1396624085 20.7918
1396624087 20.8306
1396624090 20.8647
1396624092 20.8995
1396624094 20.937
1396624097 20.9727
1396624099 21.0076
1396624102 21.0427
1396624104 21.0818
1396624106 21.1237
1396624109 21.1576
1396624111 21.1971
1396624114 21.2321
1396624116 21.2715
1396624118 21.3079
1396624121 21.3446
1396624123 21.3783
1396624125 21.416
1396624128 21.4494
1396624130 21.4886
1396624133 21.5241
1396624135 21.5581
1396624137 21.5965
1396624140 21.6309
1396624142 21.6693
1396624145 21.7053
1396624147 21.7379
1396624149 21.7743
1396624152 21.808
1396624154 21.8427
1396624157 21.8772
1396624159 21.912
1396624161 21.9473
1396624164 21.978
1396624166 22.0129
1396624169 22.0443
1396624171 22.0788
1396624173 22.1098
1396624176 22.1453
1396624178 22.1755
1396624181 22.2098
1396624183 22.2426
1396624185 22.274
1396624188 22.3066
1396624190 22.3378
1396624192 22.3694
1396624195 22.4017
1396624197 22.4341
1396624200 22.4648
1396624202 22.4923
1396624204 22.5277
1396624207 22.5549
1396624209 22.5875
1396624212 22.615
1396624214 22.6491
1396624216 22.6749
1396624219 22.7076
1396624221 22.7388
1396624224 22.7675
1396624226 22.7975
1396624228 22.8248
1396624231 22.8557
1396624233 22.8853
1396624236 22.914
1396624238 22.9411
1396624240 22.9715
1396624243 23.0041
1396624245 23.0313
1396624247 23.0627
1396624250 23.0901
1396624252 23.1199
1396624255 23.1445
1396624257 23.1749
1396624259 23.2011
1396624262 23.2279
1396624264 23.2554
1396624267 23.2818
1396624269 23.3082
1396624271 23.3349
1396624274 23.3648
1396624276 23.3931
1396624279 23.4186
1396624281 23.4479
1396624283 23.4743
1396624286 23.5019
1396624288 23.529
1396624291 23.5544
1396624293 23.5795
1396624295 23.6088
1396624298 23.6373
1396624300 23.6615
1396624303 23.6868
1396624305 23.711
1396624307 23.7383
1396624310 23.7609
1396624312 23.7889
1396624314 23.8144
1396624317 23.839
1396624319 23.8674
1396624322 23.889
1396624324 23.9175
1396624326 23.9396
1396624329 23.9667
1396624331 23.9886
1396624334 24.015
1396624336 24.0379
1396624338 24.0599
1396624341 24.0852
1396624343 24.1059
1396624346 24.1319
1396624348 24.1523
1396624350 24.1759
1396624353 24.2005
1396624355 24.2184
1396624357 24.241
1396624360 24.2645
1396624362 24.2861
1396624365 24.308
1396624367 24.3296
1396624369 24.3511
1396624372 24.3745
1396624374 24.399
1396624377 24.4203
1396624379 24.4442
1396624381 24.4665
1396624384 24.4882
1396624386 24.5128
1396624389 24.5339
1396624391 24.5564
1396624393 24.577
1396624396 24.5998
1396624398 24.6181
1396624401 24.6421
1396624403 24.6619
1396624405 24.685
1396624408 24.7073
1396624410 24.7309
1396624412 24.7492
1396624415 24.7673
1396624417 24.7914
1396624420 24.8094
1396624422 24.8326
1396624424 24.8523
1396624427 24.8726
1396624429 24.8921
1396624432 24.9119
1396624434 24.9348
1396624436 24.9568
1396624439 24.9767
1396624441 24.9925
1396624444 25.0133
1396624446 25.0323
1396624448 25.0496
1396624451 25.0681
1396624453 25.0882
1396624456 25.1086
1396624458 25.1227
1396624460 25.1434
1396624463 25.1631
1396624465 25.1788
1396624468 25.1976
1396624470 25.2154
1396624472 25.2337
1396624475 25.2506
1396624477 25.2681
1396624479 25.2867
1396624482 25.303
1396624484 25.319
1396624487 25.3373
1396624489 25.3549
1396624491 25.3707
1396624494 25.3897
1396624496 25.4079
1396624499 25.4225
1396624501 25.4395
1396624503 25.4588
1396624506 25.475
1396624508 25.4893
1396624511 25.5098
1396624513 25.5229
1396624515 25.5424
1396624518 25.5603
1396624520 25.5753
1396624522 25.5925
1396624525 25.6087
1396624527 25.6312
1396624530 25.6449
1396624532 25.6628
1396624534 25.6795
1396624537 25.699
1396624539 25.7127
1396624542 25.7326
1396624544 25.75
1396624546 25.7645
1396624549 25.7813
1396624551 25.7985
1396624554 25.8163
1396624556 25.8285
1396624558 25.8451
1396624561 25.8615
1396624563 25.8775
1396624566 25.8952
1396624568 25.9097
1396624570 25.9232
1396624573 25.9383
1396624575 25.9546
1396624577 25.9686
1396624580 25.9862
1396624582 25.9995
1396624585 26.0143
1396624587 26.0307
1396624589 26.0448
1396624592 26.0622
1396624594 26.0749
1396624597 26.0871
1396624599 26.1052
1396624601 26.1176
1396624604 26.1324
1396624606 26.1468
1396624609 26.1619
1396624611 26.1731
1396624613 26.1853
1396624616 26.1985
1396624618 26.215
1396624620 26.2258
1396624623 26.2378
1396624625 26.2498
1396624628 26.2619
1396624630 26.2752
1396624632 26.2855
1396624635 26.2959
1396624637 26.3071
1396624640 26.3181
1396624642 26.3307
1396624644 26.3405
1396624647 26.3522
1396624649 26.3623
1396624652 26.3733
1396624654 26.3822
1396624656 26.3947
1396624659 26.4027
1396624661 26.4146
1396624664 26.4264
1396624666 26.4363
1396624668 26.4501
1396624671 26.4601
1396624673 26.4709
1396624675 26.4828
1396624678 26.4914
1396624680 26.503
1396624683 26.5119
1396624685 26.5258
1396624687 26.5365
1396624690 26.5488
1396624692 26.5584
1396624695 26.5733
1396624697 26.5845
1396624699 26.5956
1396624702 26.607
1396624704 26.62
1396624707 26.632
1396624709 26.6438
1396624711 26.6531
1396624714 26.6638
1396624716 26.6756
1396624719 26.6853
1396624721 26.693
1396624723 26.7067
1396624726 26.7159
1396624728 26.7285
1396624730 26.7387
1396624733 26.7463
1396624735 26.7562
1396624738 26.7682
1396624740 26.7782
1396624742 26.7886
1396624745 26.7995
1396624747 26.8096
1396624750 26.8171
1396624752 26.8305
1396624754 26.8341
1396624757 26.8457
1396624759 26.8516
1396624762 26.8636
1396624764 26.8699
1396624766 26.8792
1396624769 26.8871
1396624771 26.8937
1396624774 26.901
1396624776 26.9077
1396624778 26.9159
1396624781 26.9214
1396624783 26.9306
1396624785 26.9397
1396624788 26.9453
1396624790 26.9514
1396624793 26.9621
1396624795 26.9696
1396624797 26.9764
1396624800 26.9858
1396624802 26.992
1396624805 27.0008
1396624807 27.0093
1396624809 27.0157
1396624812 27.022
1396624814 27.0268
1396624817 27.0368
1396624819 27.0438
1396624821 27.052
1396624824 27.058
1396624826 27.0654
1396624829 27.0703
1396624831 27.0758
1396624833 27.0844
1396624836 27.0905
1396624838 27.0964
1396624840 27.1005
1396624843 27.111
1396624845 27.1168
1396624848 27.1217
1396624850 27.1285
1396624852 27.1338
1396624855 27.1407
1396624857 27.1442
1396624860 27.1524
1396624862 27.1576
1396624864 27.1636
1396624867 27.1687
1396624869 27.174
1396624872 27.1773
1396624874 27.1865
1396624876 27.1892
1396624879 27.1947
1396624881 27.2008
1396624883 27.2111
1396624886 27.2154
1396624888 27.2204
1396624891 27.226
1396624893 27.2322
1396624895 27.2361
1396624898 27.2444
1396624900 27.2481
1396624903 27.2542
1396624905 27.2588
1396624907 27.2671
1396624910 27.273
1396624912 27.2753
1396624915 27.2803
1396624917 27.2851
1396624919 27.2911
1396624922 27.2933
1396624924 27.2969
1396624927 27.304
1396624929 27.3101
1396624931 27.3146
1396624934 27.3186
1396624936 27.3195
1396624938 27.3277
1396624941 27.3308
1396624943 27.3332
1396624946 27.3367
1396624948 27.3409
1396624950 27.345
1396624953 27.3495
1396624955 27.3514
1396624958 27.3553
1396624960 27.3597
1396624962 27.3633
1396624965 27.3674
1396624967 27.3718
1396624970 27.3779
1396624972 27.3807
1396624974 27.3886
1396624977 27.3899
1396624979 27.3955
1396624982 27.3972
1396624984 27.4042
1396624986 27.4084
1396624989 27.4148
1396624991 27.4197
1396624993 27.4234
1396624996 27.4304
1396624998 27.4344
1396625001 27.4379
1396625003 27.4468
1396625005 27.4496
1396625008 27.4554
1396625010 27.4624
1396625013 27.4664
1396625015 27.4707
1396625017 27.4749
1396625020 27.4795
1396625022 27.48
1396625025 27.4875
1396625027 27.4903
1396625029 27.4982
1396625032 27.5001
1396625034 27.5031
1396625037 27.5101
1396625039 27.5155
1396625041 27.5175
1396625044 27.5191
1396625046 27.525
1396625048 27.5318
1396625051 27.5342
1396625053 27.5343
1396625056 27.5368
1396625058 27.5446
1396625060 27.545
1396625063 27.5473
1396625065 27.5509
1396625068 27.5545
1396625070 27.556
1396625072 27.5586
1396625075 27.5641
1396625077 27.5655
1396625080 27.5685
1396625082 27.5719
