maxfd 0
1396623578 1.71291
1396623581 1.7792
1396623583 1.84847
1396623585 1.91576
1396623588 1.1035
1396623590 1.3405
1396623592 0.146076
1396623595 -1.40876
1396623597 -2.73045
1396623599 -3.90632
1396623602 -4.96896
1396623604 -6.04502
1396623606 -6.92458
1396623609 -7.73908
1396623611 -8.55039
1396623613 -9.22092
1396623616 -9.86189
1396623618 -10.4732
1396623620 -11.11
1396623623 -11.6672
1396623625 -12.1816
1396623627 -12.718
1396623629 -13.194
1396623632 -13.6471
1396623634 -14.138
1396623636 -14.5592
1396623639 -14.977
1396623641 -15.4245
1396623643 -15.804
1396623646 -16.1782
1396623648 -16.5374
1396623650 -16.894
1396623653 -17.2705
1396623655 -17.6047
1396623657 -17.9398
1396623660 -18.2989
1396623662 -18.6082
1396623664 -18.9081
1396623667 -19.2391
1396623669 -19.5361
1396623671 -19.8175
1396623674 -20.0911
1396623676 -20.3839
1396623678 -20.649
1396623681 -20.9115
1396623683 -21.1648
1396623685 -21.4394
1396623687 -21.6858
1396623690 -21.9298
1396623692 -22.1945
1396623694 -22.4375
1396623697 -22.6632
1396623699 -22.8868
1396623701 -23.1405
1396623704 -23.36
1396623706 -23.5738
1396623708 -23.8017
1396623712 -24.1036
1396623714 -24.2764
1396623717 -24.4439
1396623719 -24.5855
1396623721 -24.696
1396623724 -24.7949
1396623726 -24.8842
1396623729 -24.9581
1396623731 -25.0402
1396623733 -25.1314
1396623736 -25.2029
1396623738 -25.2823
1396623741 -25.3596
1396623743 -25.4494
1396623745 -25.5296
1396623748 -25.6086
1396623750 -25.7006
1396623753 -25.7905
1396623755 -25.882
1396623757 -25.9594
1396623760 -26.0549
1396623762 -26.1429
1396623764 -26.2366
1396623767 -26.3122
1396623769 -26.4082
1396623772 -26.4903
1396623774 -26.571
1396623776 -26.6576
1396623779 -26.7396
1396623781 -26.8238
1396623784 -26.9043
1396623786 -26.9869
1396623788 -27.068
1396623791 -27.1298
1396623793 -27.2111
1396623796 -27.2899
1396623798 -27.3621
1396623800 -27.4338
1396623803 -27.5188
1396623805 -27.6074
1396623808 -27.679
1396623810 -27.7554
1396623812 -27.8318
1396623815 -27.9071
1396623817 -27.9852
1396623819 -28.0681
1396623822 -28.1428
1396623824 -28.2328
1396623827 -28.3173
1396623829 -28.4048
1396623831 -28.4868
1396623834 -28.5758
1396623836 -28.6633
1396623839 -28.737
1396623841 -28.8153
1396623843 -28.8918
1396623846 -28.9737
1396623848 -29.0679
1396623851 -29.1572
1396623853 -29.2483
1396623855 -29.3246
1396623858 -29.4049
1396623860 -29.4819
1396623863 -29.57
1396623865 -29.6586
1396623867 -29.7321
1396623870 -29.8222
1396623872 -29.9099
1396623874 -29.9933
1396623877 -30.0749
1396623879 -30.151
1396623882 -30.2287
1396623884 -30.303
1396623886 -30.3885
1396623889 -30.4686
1396623891 -30.5402
1396623894 -30.6086
1396623896 -30.6895
1396623898 -30.7716
1396623901 -30.8432
1396623903 -30.9046
1396623906 -30.977
1396623908 -31.0623
1396623910 -31.1369
1396623913 -31.2092
1396623915 -31.2663
1396623918 -31.3448
1396623920 -31.422
1396623922 -31.4877
1396623925 -31.5668
1396623927 -31.6296
1396623929 -31.709
1396623932 -31.7738
1396623934 -31.8381
1396623937 -31.8945
1396623939 -31.9633
1396623941 -32.0349
1396623944 -32.1012
1396623946 -32.1796
1396623949 -32.2447
1396623951 -32.3238
1396623953 -32.3754
1396623956 -32.4481
1396623958 -32.5157
1396623961 -32.5796
1396623963 -32.6371
1396623965 -32.6926
1396623968 -32.7638
1396623970 -32.8255
1396623973 -32.8835
1396623975 -32.9412
1396623977 -32.9934
1396623980 -33.0635
1396623982 -33.1225
1396623984 -33.1813
1396623987 -33.2347
1396623989 -33.2945
1396623992 -33.3515
1396623994 -33.4095
1396623996 -33.4634
1396623999 -33.5081
1396624001 -33.563
1396624004 -33.6219
1396624006 -33.6806
1396624008 -33.7232
1396624011 -33.7859
1396624013 -33.8497
1396624016 -33.9029
1396624018 -33.9546
1396624020 -34.0057
1396624023 -34.0535
1396624025 -34.095
1396624027 -34.156
1396624030 -34.2085
1396624032 -34.2684
1396624035 -34.3226
1396624037 -34.3617
1396624039 -34.4194
1396624042 -34.4614
1396624044 -34.5118
1396624047 -34.5516
1396624049 -34.6089
1396624051 -34.6538
1396624054 -34.6964
1396624056 -34.75
1396624059 -34.7872
1396624061 -34.838
1396624063 -34.8818
1396624066 -34.9325
1396624068 -34.979
1396624071 -35.012
1396624073 -35.0561
1396624075 -35.1015
1396624078 -35.1563
1396624080 -35.199
1396624082 -35.2431
1396624085 -35.2811
1396624087 -35.315
1396624090 -35.3509
1396624092 -35.3895
1396624094 -35.4382
1396624097 -35.4829
1396624099 -35.5204
1396624102 -35.561
1396624104 -35.589
1396624106 -35.6332
1396624109 -35.6671
1396624111 -35.7041
1396624114 -35.7469
1396624116 -35.7923
1396624118 -35.8271
1396624121 -35.8575
1396624123 -35.8922
1396624125 -35.9362
1396624128 -35.972
1396624130 -36.0038
1396624133 -36.0433
1396624135 -36.0658
1396624137 -36.104
1396624140 -36.1347
1396624142 -36.171
1396624145 -36.2102
1396624147 -36.235
1396624149 -36.2673
1396624152 -36.2977
1396624154 -36.3254
1396624157 -36.3537
1396624159 -36.3879
1396624161 -36.4258
1396624164 -36.4584
1396624166 -36.4872
1396624169 -36.5093
1396624171 -36.5393
1396624173 -36.5725
1396624176 -36.6005
1396624178 -36.6243
1396624181 -36.6624
1396624183 -36.6916
1396624185 -36.7142
1396624188 -36.7462
1396624190 -36.7749
1396624192 -36.8118
1396624195 -36.826
1396624197 -36.8611
1396624200 -36.8914
1396624202 -36.9173
1396624204 -36.9429
1396624207 -36.9715
1396624209 -37.0029
1396624212 -37.0298
1396624214 -37.0561
1396624216 -37.0742
1396624219 -37.0955
1396624221 -37.1244
1396624224 -37.142
1396624226 -37.1703
1396624228 -37.1975
1396624231 -37.2252
1396624233 -37.2461
1396624236 -37.273
1396624238 -37.2909
1396624240 -37.314
1396624243 -37.3383
1396624245 -37.3636
1396624247 -37.3835
1396624250 -37.3958
1396624252 -37.4239
1396624255 -37.4423
1396624257 -37.4648
1396624259 -37.4972
1396624262 -37.5148
1396624264 -37.5421
1396624267 -37.5602
1396624269 -37.5802
1396624271 -37.6047
1396624274 -37.6148
1396624276 -37.6405
1396624279 -37.6609
1396624281 -37.6881
1396624283 -37.7068
1396624286 -37.7285
1396624288 -37.7469
1396624291 -37.7576
1396624293 -37.7792
1396624295 -37.7941
1396624298 -37.8048
1396624300 -37.8182
1396624303 -37.8379
1396624305 -37.8701
1396624307 -37.8905
1396624310 -37.9109
1396624312 -37.9295
1396624314 -37.9531
1396624317 -37.9729
1396624319 -37.987
1396624322 -37.9921
1396624324 -38.0069
1396624326 -38.0253
1396624329 -38.0418
1396624331 -38.0611
1396624334 -38.0737
1396624336 -38.0915
1396624338 -38.1204
1396624341 -38.1318
1396624343 -38.1493
1396624346 -38.1732
1396624348 -38.187
1396624350 -38.1992
1396624353 -38.2066
1396624355 -38.2244
1396624357 -38.2437
1396624360 -38.2562
1396624362 -38.2678
1396624365 -38.2892
1396624367 -38.3075
1396624369 -38.3237
1396624372 -38.3267
1396624374 -38.3333
1396624377 -38.3566
1396624379 -38.3777
1396624381 -38.3884
1396624384 -38.4032
1396624386 -38.4187
1396624389 -38.4418
1396624391 -38.4544
1396624393 -38.4606
1396624396 -38.4696
1396624398 -38.4839
1396624401 -38.5094
1396624403 -38.5186
1396624405 -38.5276
1396624408 -38.5375
1396624410 -38.5415
1396624412 -38.5613
1396624415 -38.5713
1396624417 -38.575
1396624420 -38.5917
1396624422 -38.6022
1396624424 -38.6134
1396624427 -38.6322
1396624429 -38.6406
1396624432 -38.6457
1396624434 -38.6569
1396624436 -38.6693
1396624439 -38.6784
1396624441 -38.699
1396624444 -38.7102
1396624446 -38.7213
1396624448 -38.7332
1396624451 -38.7527
1396624453 -38.7658
1396624456 -38.7748
1396624458 -38.788
1396624460 -38.7964
1396624463 -38.8074
1396624465 -38.8137
1396624468 -38.8184
1396624470 -38.833
1396624472 -38.8443
1396624475 -38.8491
1396624477 -38.8625
1396624479 -38.8709
1396624482 -38.8841
1396624484 -38.8954
1396624487 -38.8957
1396624489 -38.913
1396624491 -38.9227
1396624494 -38.9292
1396624496 -38.9345
1396624499 -38.9483
1396624501 -38.9546
1396624503 -38.9645
1396624506 -38.9745
1396624508 -38.9891
1396624511 -39.0009
1396624513 -39.01
1396624515 -39.0219
1396624518 -39.0255
1396624520 -39.0258
1396624522 -39.0384
1396624525 -39.0427
1396624527 -39.0375
1396624530 -39.05
1396624532 -39.0633
1396624534 -39.0753
1396624537 -39.0855
1396624539 -39.0897
1396624542 -39.0987
1396624544 -39.1125
1396624546 -39.117
1396624549 -39.1262
1396624551 -39.1268
1396624554 -39.1287
1396624556 -39.1404
1396624558 -39.1471
1396624561 -39.1547
1396624563 -39.1551
1396624566 -39.1665
1396624568 -39.171
1396624570 -39.1793
1396624573 -39.1901
1396624575 -39.2011
1396624577 -39.2072
1396624580 -39.1957
1396624582 -39.2051
1396624585 -39.2245
1396624587 -39.2342
1396624589 -39.2409
1396624592 -39.2382
1396624594 -39.2486
1396624597 -39.257
1396624599 -39.2616
1396624601 -39.263
1396624604 -39.2623
1396624606 -39.2757
1396624609 -39.2859
1396624611 -39.2842
1396624613 -39.2923
1396624616 -39.3056
1396624618 -39.3203
1396624620 -39.3181
1396624623 -39.3234
1396624625 -39.3219
1396624628 -39.3361
1396624630 -39.3469
1396624632 -39.3465
1396624635 -39.3581
1396624637 -39.36
1396624640 -39.3672
1396624642 -39.3751
1396624644 -39.3791
1396624647 -39.3886
1396624649 -39.3927
1396624652 -39.4009
1396624654 -39.4095
1396624656 -39.4143
1396624659 -39.4173
1396624661 -39.4235
1396624664 -39.4225
1396624666 -39.4308
1396624668 -39.4398
1396624671 -39.4393
1396624673 -39.4379
1396624675 -39.4499
1396624678 -39.4552
1396624680 -39.4654
1396624683 -39.4747
1396624685 -39.484
1396624687 -39.4928
1396624690 -39.493
1396624692 -39.4932
1396624695 -39.491
1396624697 -39.5018
1396624699 -39.5025
1396624702 -39.4984
1396624704 -39.5105
1396624707 -39.5142
1396624709 -39.5241
1396624711 -39.5307
1396624714 -39.5333
1396624716 -39.5414
1396624719 -39.5443
1396624721 -39.5451
1396624723 -39.5513
1396624726 -39.5612
1396624728 -39.5526
1396624730 -39.5566
1396624733 -39.5614
1396624735 -39.5682
1396624738 -39.5775
1396624740 -39.5757
1396624742 -39.5863
1396624745 -39.5972
1396624747 -39.597
1396624750 -39.6021
1396624752 -39.6013
1396624754 -39.6043
1396624757 -39.6036
1396624759 -39.6086
1396624762 -39.6049
1396624764 -39.6159
1396624766 -39.6215
1396624769 -39.6381
1396624771 -39.6313
1396624774 -39.6184
1396624776 -39.6248
1396624778 -39.6288
1396624781 -39.644
1396624783 -39.6491
1396624785 -39.6542
1396624788 -39.6615
1396624790 -39.6647
1396624793 -39.6707
1396624795 -39.6703
1396624797 -39.6795
1396624800 -39.6691
1396624802 -39.6765
1396624805 -39.6827
1396624807 -39.686
1396624809 -39.696
1396624812 -39.699
1396624814 -39.7001
1396624817 -39.6961
1396624819 -39.7062
1396624821 -39.7111
1396624824 -39.7095
1396624826 -39.7236
1396624829 -39.728
1396624831 -39.7333
1396624833 -39.7343
1396624836 -39.7419
1396624838 -39.7465
1396624840 -39.7423
1396624843 -39.7378
1396624845 -39.7469
1396624848 -39.7555
1396624850 -39.7581
1396624852 -39.7581
1396624855 -39.7678
1396624857 -39.7826
1396624860 -39.7799
1396624862 -39.7785
1396624864 -39.7767
1396624867 -39.7741
1396624869 -39.7757
1396624872 -39.7818
1396624874 -39.7896
1396624876 -39.7946
1396624879 -39.8
1396624881 -39.8091
1396624883 -39.7993
1396624886 -39.8104
1396624888 -39.8143
1396624891 -39.8163
1396624893 -39.8176
1396624895 -39.8205
1396624898 -39.829
1396624900 -39.8368
1396624903 -39.8253
1396624905 -39.8208
1396624907 -39.8312
1396624910 -39.8377
1396624912 -39.8384
1396624915 -39.8438
1396624917 -39.8489
1396624919 -39.8527
1396624922 -39.8486
1396624924 -39.8586
1396624927 -39.8609
1396624929 -39.8643
1396624931 -39.8705
1396624934 -39.8819
1396624936 -39.8747
1396624938 -39.8767
1396624941 -39.8756
1396624943 -39.8817
1396624946 -39.8833
1396624948 -39.8869
1396624950 -39.8948
1396624953 -39.9002
1396624955 -39.9005
1396624958 -39.9028
1396624960 -39.8983
1396624962 -39.9007
1396624965 -39.906
1396624967 -39.9027
1396624970 -39.9078
1396624972 -39.9122
1396624974 -39.916
1396624977 -39.9247
1396624979 -39.923
1396624982 -39.9288
1396624984 -39.9235
1396624986 -39.9319
1396624989 -39.9371
1396624991 -39.9295
1396624993 -39.9331
1396624996 -39.9345
1396624998 -39.9412
1396625001 -39.951
1396625003 -39.9444
1396625005 -39.9314
1396625008 -39.9523
1396625010 -39.9547
1396625013 -39.9529
1396625015 -39.958
1396625017 -39.9514
1396625020 -39.9612
1396625022 -39.9726
1396625025 -39.9715
1396625027 -39.9636
1396625029 -39.9587
1396625032 -39.9658
1396625034 -39.9764
1396625037 -39.9726
1396625039 -39.9742
1396625041 -39.9771
1396625044 -39.9773
1396625046 -39.9745
1396625048 -39.9858
1396625051 -39.9916
1396625053 -39.9886
1396625056 -39.9873
1396625058 -39.9913
1396625060 -39.9942
1396625063 -39.995
1396625065 -39.9995
1396625068 -39.9999
1396625070 -39.9999
1396625072 -40.0084
1396625075 -40.0032
1396625077 -40.0084
