maxfd 0
1396623571 19.291
1396623574 19.2224
1396623576 19.1387
1396623578 19.0694
1396623581 19.0041
1396623583 18.9478
1396623585 18.8955
1396623588 18.8255
1396623590 18.7664
1396623592 18.7097
1396623595 18.6469
1396623597 18.5594
1396623599 18.4612
1396623602 18.3378
1396623604 18.1719
1396623606 17.9969
1396623609 17.7856
1396623611 17.5186
1396623613 17.2607
1396623616 16.9833
1396623618 16.6859
1396623620 16.3519
1396623623 16.0367
1396623625 15.7238
1396623627 15.3704
1396623629 15.0326
1396623632 14.7047
1396623634 14.3297
1396623636 13.9994
1396623639 13.6648
1396623641 13.2904
1396623643 12.9715
1396623646 12.6414
1396623648 12.3208
1396623650 11.9899
1396623653 11.6387
1396623655 11.3283
1396623657 11.0056
1396623660 10.6525
1396623662 10.346
1396623664 10.0455
1396623667 9.70094
1396623669 9.39191
1396623671 9.09339
1396623674 8.79998
1396623676 8.4771
1396623678 8.18525
1396623681 7.89851
1396623683 7.61534
1396623685 7.30372
1396623687 7.02339
1396623690 6.74875
1396623692 6.44415
1396623694 6.16489
1396623697 5.90175
1396623699 5.63871
1396623701 5.3397
1396623704 5.07288
1396623706 4.81412
1396623708 4.53807
1396623712 4.16171
1396623714 3.91308
1396623717 3.64674
1396623719 3.39091
1396623721 3.16606
1396623724 2.93006
1396623726 2.70162
1396623729 2.49412
1396623731 2.25921
1396623733 2.00796
1396623736 1.79311
1396623738 1.55294
1396623741 1.33251
1396623743 1.08615
1396623745 0.863749
1396623748 0.633922
1396623750 0.394164
1396623753 0.171939
1396623755 -0.0646581
1396623757 -0.264608
1396623760 -0.499753
1396623762 -0.715162
1396623764 -0.946742
1396623767 -1.14534
1396623769 -1.38043
1396623772 -1.59601
1396623774 -1.7979
1396623776 -2.0175
1396623779 -2.21815
1396623781 -2.43292
1396623784 -2.63062
1396623786 -2.84191
1396623788 -3.0519
1396623791 -3.22769
1396623793 -3.43663
1396623796 -3.63186
1396623798 -3.82348
1396623800 -4.00458
1396623803 -4.21156
1396623805 -4.42031
1396623808 -4.59601
1396623810 -4.78524
1396623812 -4.96198
1396623815 -5.14386
1396623817 -5.31767
1396623819 -5.50492
1396623822 -5.66861
1396623824 -5.85928
1396623827 -6.03841
1396623829 -6.21379
1396623831 -6.38648
1396623834 -6.55835
1396623836 -6.73405
1396623839 -6.88582
1396623841 -7.04886
1396623843 -7.20129
1396623846 -7.36314
1396623848 -7.54052
1396623851 -7.70293
1396623853 -7.87278
1396623855 -8.01694
1396623858 -8.16981
1396623860 -8.31256
1396623863 -8.46962
1396623865 -8.62988
1396623867 -8.76379
1396623870 -8.92428
1396623872 -9.0769
1396623874 -9.22798
1396623877 -9.37078
1396623879 -9.51447
1396623882 -9.65955
1396623884 -9.7916
1396623886 -9.94367
1396623889 -10.0839
1396623891 -10.2186
1396623894 -10.343
1396623896 -10.4885
1396623898 -10.6326
1396623901 -10.7574
1396623903 -10.8776
1396623906 -11.0061
1396623908 -11.1518
1396623910 -11.2807
1396623913 -11.4115
1396623915 -11.5168
1396623918 -11.6506
1396623920 -11.7829
1396623922 -11.8987
1396623925 -12.0325
1396623927 -12.1445
1396623929 -12.2762
1396623932 -12.3896
1396623934 -12.5044
1396623937 -12.6072
1396623939 -12.7256
1396623941 -12.8479
1396623944 -12.9599
1396623946 -13.088
1396623949 -13.195
1396623951 -13.3235
1396623953 -13.4148
1396623956 -13.5338
1396623958 -13.6481
1396623961 -13.7544
1396623963 -13.8578
1396623965 -13.9546
1396623968 -14.0739
1396623970 -14.1767
1396623973 -14.2793
1396623975 -14.3811
1396623977 -14.4756
1396623980 -14.5917
1396623982 -14.692
1396623984 -14.7932
1396623987 -14.8856
1396623989 -14.9867
1396623992 -15.0822
1396623994 -15.182
1396623996 -15.277
1396623999 -15.3563
1396624001 -15.4499
1396624004 -15.5464
1396624006 -15.6452
1396624008 -15.7222
1396624011 -15.8254
1396624013 -15.9299
1396624016 -16.018
1396624018 -16.1071
1396624020 -16.1916
1396624023 -16.274
1396624025 -16.3491
1396624027 -16.4467
1396624030 -16.5353
1396624032 -16.6291
1396624035 -16.7197
1396624037 -16.7905
1396624039 -16.885
1396624042 -16.9573
1396624044 -17.043
1396624047 -17.1113
1396624049 -17.2051
1396624051 -17.28
1396624054 -17.355
1396624056 -17.4417
1396624059 -17.5072
1396624061 -17.5904
1396624063 -17.6627
1396624066 -17.7445
1396624068 -17.8196
1396624071 -17.8823
1396624073 -17.9569
1396624075 -18.0304
1396624078 -18.119
1396624080 -18.1881
1396624082 -18.2626
1396624085 -18.3275
1396624087 -18.3892
1396624090 -18.4505
1396624092 -18.5152
1396624094 -18.5934
1396624097 -18.6658
1396624099 -18.7291
1396624102 -18.7962
1396624104 -18.8507
1396624106 -18.9256
1396624109 -18.9841
1396624111 -19.0491
1396624114 -19.1184
1396624116 -19.1931
1396624118 -19.2538
1396624121 -19.3093
1396624123 -19.3683
1396624125 -19.4401
1396624128 -19.5001
1396624130 -19.5584
1396624133 -19.6238
1396624135 -19.6683
1396624137 -19.7335
1396624140 -19.7878
1396624142 -19.8507
1396624145 -19.9156
1396624147 -19.962
1396624149 -20.0189
1396624152 -20.0723
1396624154 -20.123
1396624157 -20.1742
1396624159 -20.2324
1396624161 -20.2951
1396624164 -20.3492
1396624166 -20.401
1396624169 -20.4431
1396624171 -20.4961
1396624173 -20.5508
1396624176 -20.6019
1396624178 -20.6453
1396624181 -20.7074
1396624183 -20.7583
1396624185 -20.8007
1396624188 -20.8547
1396624190 -20.9041
1396624192 -20.9633
1396624195 -20.9963
1396624197 -21.0536
1396624200 -21.1045
1396624202 -21.1486
1396624204 -21.1963
1396624207 -21.2433
1396624209 -21.2963
1396624212 -21.3414
1396624214 -21.3891
1396624216 -21.4231
1396624219 -21.4642
1396624221 -21.5135
1396624224 -21.5482
1396624226 -21.596
1396624228 -21.6412
1396624231 -21.6887
1396624233 -21.7278
1396624236 -21.7732
1396624238 -21.8074
1396624240 -21.8491
1396624243 -21.8934
1396624245 -21.9361
1396624247 -21.9746
1396624250 -22.0024
1396624252 -22.0495
1396624255 -22.0829
1396624257 -22.1239
1396624259 -22.1741
1396624262 -22.2075
1396624264 -22.2525
1396624267 -22.2863
1396624269 -22.3223
1396624271 -22.3636
1396624274 -22.3897
1396624276 -22.4331
1396624279 -22.469
1396624281 -22.5146
1396624283 -22.549
1396624286 -22.5873
1396624288 -22.6215
1396624291 -22.6461
1396624293 -22.683
1396624295 -22.7142
1396624298 -22.7402
1396624300 -22.7671
1396624303 -22.8019
1396624305 -22.8506
1396624307 -22.8872
1396624310 -22.9214
1396624312 -22.956
1396624314 -22.9953
1396624317 -23.0298
1396624319 -23.0595
1396624322 -23.0754
1396624324 -23.1059
1396624326 -23.1375
1396624329 -23.1693
1396624331 -23.2017
1396624334 -23.2286
1396624336 -23.2598
1396624338 -23.3033
1396624341 -23.3282
1396624343 -23.358
1396624346 -23.3977
1396624348 -23.423
1396624350 -23.448
1396624353 -23.4679
1396624355 -23.4966
1396624357 -23.5294
1396624360 -23.5545
1396624362 -23.5778
1396624365 -23.6125
1396624367 -23.6436
1396624369 -23.6721
1396624372 -23.6862
1396624374 -23.7051
1396624377 -23.7415
1396624379 -23.7767
1396624381 -23.7993
1396624384 -23.8261
1396624386 -23.8551
1396624389 -23.8914
1396624391 -23.916
1396624393 -23.9324
1396624396 -23.9532
1396624398 -23.9779
1396624401 -24.0181
1396624403 -24.0376
1396624405 -24.0583
1396624408 -24.0797
1396624410 -24.0949
1396624412 -24.1258
1396624415 -24.1454
1396624417 -24.1605
1396624420 -24.1878
1396624422 -24.2103
1396624424 -24.2319
1396624427 -24.2625
1396624429 -24.2809
1396624432 -24.2956
1396624434 -24.3186
1396624436 -24.3426
1396624439 -24.3619
1396624441 -24.3926
1396624444 -24.4147
1396624446 -24.4358
1396624448 -24.4571
1396624451 -24.4876
1396624453 -24.5115
1396624456 -24.5308
1396624458 -24.5523
1396624460 -24.571
1396624463 -24.5923
1396624465 -24.6064
1396624468 -24.62
1396624470 -24.6446
1396624472 -24.6656
1396624475 -24.6785
1396624477 -24.7015
1396624479 -24.7192
1396624482 -24.7415
1396624484 -24.7614
1396624487 -24.7697
1396624489 -24.7973
1396624491 -24.8152
1396624494 -24.8309
1396624496 -24.8449
1396624499 -24.8671
1396624501 -24.8816
1396624503 -24.9013
1396624506 -24.9198
1396624508 -24.9427
1396624511 -24.9651
1396624513 -24.9812
1396624515 -25.0033
1396624518 -25.0151
1396624520 -25.0219
1396624522 -25.0436
1396624525 -25.0556
1396624527 -25.0593
1396624530 -25.0795
1396624532 -25.1024
1396624534 -25.1233
1396624537 -25.1433
1396624539 -25.1539
1396624542 -25.1728
1396624544 -25.196
1396624546 -25.2073
1396624549 -25.225
1396624551 -25.233
1396624554 -25.2428
1396624556 -25.2614
1396624558 -25.276
1396624561 -25.2917
1396624563 -25.299
1396624566 -25.3195
1396624568 -25.3307
1396624570 -25.3461
1396624573 -25.3648
1396624575 -25.3842
1396624577 -25.3972
1396624580 -25.3914
1396624582 -25.4077
1396624585 -25.4361
1396624587 -25.4542
1396624589 -25.4677
1396624592 -25.472
1396624594 -25.4891
1396624597 -25.504
1396624599 -25.5168
1396624601 -25.5236
1396624604 -25.529
1396624606 -25.5503
1396624609 -25.5683
1396624611 -25.5711
1396624613 -25.5854
1396624616 -25.6062
1396624618 -25.6298
1396624620 -25.6317
1396624623 -25.6429
1396624625 -25.6461
1396624628 -25.6674
1396624630 -25.6854
1396624632 -25.6891
1396624635 -25.7067
1396624637 -25.7136
1396624640 -25.7263
1396624642 -25.7406
1396624644 -25.7492
1396624647 -25.7649
1396624649 -25.7738
1396624652 -25.7876
1396624654 -25.8012
1396624656 -25.8118
1396624659 -25.8186
1396624661 -25.8305
1396624664 -25.8343
1396624666 -25.8478
1396624668 -25.8639
1396624671 -25.8674
1396624673 -25.8702
1396624675 -25.8889
1396624678 -25.8984
1396624680 -25.9148
1396624683 -25.9291
1396624685 -25.9454
1396624687 -25.9599
1396624690 -25.9652
1396624692 -25.9694
1396624695 -25.973
1396624697 -25.9899
1396624699 -25.9952
1396624702 -25.9952
1396624704 -26.0144
1396624707 -26.0235
1396624709 -26.0396
1396624711 -26.0509
1396624714 -26.0583
1396624716 -26.0724
1396624719 -26.0795
1396624721 -26.0837
1396624723 -26.0964
1396624726 -26.1113
1396624728 -26.1066
1396624730 -26.1154
1396624733 -26.1239
1396624735 -26.1358
1396624738 -26.1513
1396624740 -26.1532
1396624742 -26.1695
1396624745 -26.1865
1396624747 -26.1903
1396624750 -26.1991
1396624752 -26.2036
1396624754 -26.2085
1396624757 -26.2124
1396624759 -26.2205
1396624762 -26.2211
1396624764 -26.2363
1396624766 -26.2464
1396624769 -26.2685
1396624771 -26.2635
1396624774 -26.2517
1396624776 -26.2616
1396624778 -26.2695
1396624781 -26.2891
1396624783 -26.2987
1396624785 -26.3081
1396624788 -26.3187
1396624790 -26.3248
1396624793 -26.336
1396624795 -26.3385
1396624797 -26.3517
1396624800 -26.3437
1396624802 -26.3546
1396624805 -26.3651
1396624807 -26.3724
1396624809 -26.3863
1396624812 -26.3923
1396624814 -26.3954
1396624817 -26.3949
1396624819 -26.4093
1396624821 -26.4181
1396624824 -26.4187
1396624826 -26.4377
1396624829 -26.4446
1396624831 -26.4529
1396624833 -26.4575
1396624836 -26.4686
1396624838 -26.4762
1396624840 -26.473
1396624843 -26.4721
1396624845 -26.4848
1396624848 -26.4965
1396624850 -26.5023
1396624852 -26.5044
1396624855 -26.5181
1396624857 -26.5364
1396624860 -26.5366
1396624862 -26.5371
1396624864 -26.5375
1396624867 -26.5365
1396624869 -26.5405
1396624872 -26.5487
1396624874 -26.5612
1396624876 -26.568
1396624879 -26.5764
1396624881 -26.5891
1396624883 -26.5821
1396624886 -26.5964
1396624888 -26.6029
1396624891 -26.6074
1396624893 -26.6114
1396624895 -26.6161
1396624898 -26.6292
1396624900 -26.6395
1396624903 -26.6288
1396624905 -26.6255
1396624907 -26.6406
1396624910 -26.6504
1396624912 -26.6522
1396624915 -26.6603
1396624917 -26.6679
1396624919 -26.6746
1396624922 -26.6709
1396624924 -26.6837
1396624927 -26.6892
1396624929 -26.6954
1396624931 -26.7042
1396624934 -26.7189
1396624936 -26.711
1396624938 -26.7165
1396624941 -26.7165
1396624943 -26.7243
1396624946 -26.7275
1396624948 -26.7333
1396624950 -26.7439
1396624953 -26.7518
1396624955 -26.7529
1396624958 -26.7571
1396624960 -26.7538
1396624962 -26.7579
1396624965 -26.7656
1396624967 -26.7635
1396624970 -26.7717
1396624972 -26.7778
1396624974 -26.7853
1396624977 -26.7957
1396624979 -26.796
1396624982 -26.8032
1396624984 -26.7999
1396624986 -26.8112
1396624989 -26.8196
1396624991 -26.8129
1396624993 -26.8184
1396624996 -26.8228
1396624998 -26.8321
1396625001 -26.8445
1396625003 -26.8405
1396625005 -26.8268
1396625008 -26.8529
1396625010 -26.8584
1396625013 -26.8579
1396625015 -26.8654
1396625017 -26.8596
1396625020 -26.8725
1396625022 -26.8856
1396625025 -26.8874
1396625027 -26.8795
1396625029 -26.877
1396625032 -26.8858
1396625034 -26.8991
1396625037 -26.8975
1396625039 -26.9014
1396625041 -26.9055
1396625044 -26.9064
1396625046 -26.9055
1396625048 -26.921
1396625051 -26.9286
1396625053 -26.9252
1396625056 -26.9247
1396625058 -26.9322
1396625060 -26.9357
1396625063 -26.9375
1396625065 -26.9441
1396625068 -26.9459
1396625070 -26.9465
1396625072 -26.9572
1396625075 -26.9535
1396625077 -26.9599
1396625080 -26.961
