1401891443 29.504958E+0
1401891445 29.524175E+0
1401891447 29.519365E+0
1401891449 29.499866E+0
1401891451 29.469620E+0
1401891453 29.455751E+0
1401891455 29.468775E+0
1401891457 29.465372E+0
1401891459 29.390730E+0
1401891461 29.375453E+0
1401891463 29.379982E+0
1401891465 29.396666E+0
1401891467 29.378575E+0
1401891469 29.337300E+0
1401891471 29.272561E+0
1401891473 29.247100E+0
1401891475 29.253318E+0
1401891477 29.232975E+0
1401891479 29.202140E+0
1401891481 29.150400E+0
1401891483 29.161147E+0
1401891485 29.158895E+0
1401891487 29.139371E+0
1401891489 29.132871E+0
1401891491 29.135712E+0
1401891493 29.143337E+0
1401891495 29.145026E+0
1401891497 29.156618E+0
1401891499 29.142211E+0
1401891501 29.151551E+0
1401891503 29.196485E+0
1401891505 29.245411E+0
1401891507 29.281875E+0
1401891509 29.315806E+0
1401891511 29.365294E+0
1401891513 29.389322E+0
1401891515 29.391856E+0
1401891517 29.382260E+0
1401891519 29.392418E+0
1401891521 29.406006E+0
1401891523 29.415883E+0
1401891525 29.435408E+0
1401891527 29.452654E+0
1401891529 29.472153E+0
1401891531 29.478934E+0
1401891533 29.481775E+0
1401891535 29.487711E+0
1401891537 29.495618E+0
1401891539 29.507210E+0
1401891541 29.547640E+0
1401891543 29.510332E+0
1401891545 29.446718E+0
1401891547 29.351144E+0
1401891549 29.271409E+0
1401891551 29.219106E+0
1401891553 29.160303E+0
1401891555 29.124402E+0
1401891557 29.122124E+0
1401891559 29.117902E+0
1401891561 29.096970E+0
1401891563 29.093004E+0
1401891565 29.085660E+0
1401891567 29.055696E+0
1401891569 29.038730E+0
1401891571 29.045511E+0
1401891573 29.065599E+0
1401891575 29.016673E+0
1401891577 29.011299E+0
1401891579 29.008766E+0
1401891581 28.991801E+0
1401891583 28.963243E+0
1401891585 28.930439E+0
1401891587 28.907818E+0
1401891589 28.895382E+0
1401891591 28.885198E+0
1401891593 28.870791E+0
1401891595 28.853544E+0
1401891597 28.851856E+0
1401891599 28.880106E+0
1401891601 28.901882E+0
1401891603 28.903289E+0
1401891605 28.891697E+0
1401891607 28.889164E+0
1401891609 28.869384E+0
1401891611 28.862577E+0
1401891613 28.884353E+0
1401891615 28.874169E+0
1401891617 28.852982E+0
1401891619 28.839112E+0
1401891621 28.847045E+0
1401891623 28.847045E+0
1401891625 28.837987E+0
1401891627 28.837142E+0
1401891629 28.820740E+0
1401891631 28.815366E+0
1401891633 28.828084E+0
1401891635 28.817362E+0
1401891637 28.800397E+0
1401891639 28.813959E+0
1401891641 28.795023E+0
1401891643 28.776932E+0
1401891645 28.777776E+0
1401891647 28.762500E+0
1401891649 28.771277E+0
1401891651 28.755719E+0
1401891653 28.739316E+0
1401891655 28.745534E+0
1401891657 28.743001E+0
1401891659 28.739879E+0
1401891661 28.750908E+0
1401891663 28.737627E+0
1401891665 28.713881E+0
1401891667 28.712167E+0
1401891669 28.713881E+0
1401891671 28.731128E+0
1401891673 28.744690E+0
1401891675 28.754311E+0
1401891677 28.738753E+0
1401891679 28.732254E+0
1401891681 28.731972E+0
1401891683 28.728569E+0
1401891685 28.716133E+0
1401891687 28.704260E+0
1401891689 28.706793E+0
1401891691 28.704260E+0
1401891693 28.705667E+0
1401891695 28.720381E+0
1401891697 28.708789E+0
1401891699 28.707074E+0
1401891701 28.710759E+0
1401891703 28.717259E+0
1401891705 28.726317E+0
1401891707 28.728288E+0
1401891709 28.723195E+0
1401891711 28.728850E+0
1401891713 28.737627E+0
1401891715 28.741568E+0
1401891717 28.730565E+0
1401891719 28.729132E+0
1401891721 28.735632E+0
1401891723 28.758533E+0
1401891725 28.779747E+0
1401891727 28.783994E+0
1401891729 28.776932E+0
1401891731 28.759403E+0
1401891733 28.764189E+0
1401891735 28.757689E+0
1401891737 28.747812E+0
1401891739 28.755719E+0
1401891741 28.758533E+0
1401891743 28.766184E+0
1401891745 28.782305E+0
1401891747 28.789931E+0
1401891749 28.802367E+0
1401891751 28.810274E+0
1401891753 28.816773E+0
1401891755 28.821303E+0
1401891757 28.828365E+0
1401891759 28.815648E+0
1401891761 28.825832E+0
1401891763 28.826676E+0
1401891765 28.830361E+0
1401891767 28.829798E+0
1401891769 28.835735E+0
1401891771 28.813959E+0
1401891773 28.807178E+0
1401891775 28.793590E+0
1401891777 28.814240E+0
1401891779 28.814803E+0
1401891781 28.830080E+0
1401891783 28.827802E+0
1401891785 28.830924E+0
1401891787 28.819051E+0
1401891789 28.825269E+0
1401891791 28.837987E+0
1401891793 28.839982E+0
1401891795 28.845919E+0
1401891797 28.826958E+0
1401891799 28.819895E+0
1401891801 28.819332E+0
1401891803 28.821021E+0
1401891805 28.845049E+0
1401891807 28.828084E+0
1401891809 28.813677E+0
1401891811 28.839112E+0
1401891813 28.859763E+0
1401891815 28.835735E+0
1401891817 28.821303E+0
1401891819 28.820177E+0
1401891821 28.802648E+0
1401891823 28.791620E+0
1401891825 28.789931E+0
1401891827 28.810274E+0
1401891829 28.815929E+0
1401891831 28.805489E+0
1401891833 28.800397E+0
1401891835 28.807459E+0
1401891837 28.788242E+0
1401891839 28.804619E+0
1401891841 28.798682E+0
1401891843 28.772965E+0
1401891845 28.771558E+0
1401891847 28.769844E+0
1401891849 28.790212E+0
1401891851 28.797275E+0
1401891853 28.805489E+0
1401891855 28.836016E+0
1401891857 28.839675E+0
1401891859 28.842516E+0
1401891861 28.835453E+0
1401891863 28.820177E+0
1401891865 28.822429E+0
1401891867 28.832613E+0
1401891869 28.829517E+0
1401891871 28.828672E+0
1401891873 28.818206E+0
1401891875 28.815929E+0
1401891877 28.821303E+0
1401891879 28.811988E+0
1401891881 28.821584E+0
1401891883 28.792464E+0
1401891885 28.772965E+0
1401891887 28.756282E+0
1401891889 28.755437E+0
1401891891 28.742438E+0
1401891893 28.735069E+0
1401891895 28.713600E+0
1401891897 28.702852E+0
1401891899 28.706512E+0
1401891901 28.700856E+0
1401891903 28.709915E+0
1401891905 28.700575E+0
1401891907 28.715570E+0
1401891909 28.714444E+0
1401891911 28.726880E+0
1401891913 28.730565E+0
1401891915 28.737346E+0
1401891917 28.736220E+0
1401891919 28.720944E+0
1401891921 28.693794E+0
1401891923 28.691824E+0
1401891925 28.684761E+0
1401891927 28.679106E+0
1401891929 28.684480E+0
1401891931 28.679950E+0
1401891933 28.671736E+0
1401891935 28.682484E+0
1401891937 28.681639E+0
1401891939 28.682484E+0
1401891941 28.705667E+0
1401891943 28.712448E+0
1401891945 28.695483E+0
1401891947 28.701419E+0
1401891949 28.705104E+0
1401891951 28.730258E+0
1401891953 28.735350E+0
1401891955 28.741287E+0
1401891957 28.743564E+0
1401891959 28.714726E+0
1401891961 28.726317E+0
1401891963 28.724910E+0
1401891965 28.726599E+0
1401891967 28.728288E+0
1401891969 28.717540E+0
1401891971 28.712448E+0
1401891973 28.735913E+0
1401891975 28.755156E+0
1401891977 28.751752E+0
1401891979 28.754874E+0
1401891981 28.751752E+0
1401891983 28.740442E+0
1401891985 28.731972E+0
1401891987 28.727725E+0
1401891989 28.730258E+0
1401891991 28.718666E+0
1401891993 28.699168E+0
1401891995 28.725473E+0
1401891997 28.698886E+0
1401891999 28.703415E+0
1401892001 28.700293E+0
1401892003 28.710759E+0
1401892005 28.710478E+0
1401892007 28.685606E+0
1401892009 28.675140E+0
1401892011 28.666081E+0
1401892013 28.675140E+0
1401892015 28.671736E+0
1401892017 28.677392E+0
1401892019 28.646864E+0
1401892021 28.639239E+0
1401892023 28.636680E+0
1401892025 28.630743E+0
1401892027 28.646020E+0
1401892029 28.685887E+0
1401892031 28.684761E+0
1401892033 28.677673E+0
1401892035 28.670892E+0
1401892037 28.668922E+0
1401892039 28.680795E+0
1401892041 28.675421E+0
1401892043 28.679669E+0
1401892045 28.680513E+0
1401892047 28.669203E+0
1401892049 28.663548E+0
1401892051 28.663829E+0
1401892053 28.658456E+0
1401892055 28.676266E+0
1401892057 28.675703E+0
1401892059 28.681358E+0
1401892061 28.684480E+0
1401892063 28.704260E+0
1401892065 28.705667E+0
1401892067 28.656486E+0
1401892069 28.664674E+0
1401892071 28.694075E+0
1401892073 28.709070E+0
1401892075 28.719255E+0
1401892077 28.694920E+0
1401892079 28.703978E+0
1401892081 28.715570E+0
1401892083 28.705104E+0
1401892085 28.698886E+0
1401892087 28.691542E+0
1401892089 28.698042E+0
1401892091 28.721225E+0
1401892093 28.719255E+0
1401892095 28.726036E+0
1401892097 28.717822E+0
1401892099 28.718666E+0
1401892101 28.711885E+0
1401892103 28.686168E+0
1401892105 28.673451E+0
1401892107 28.676266E+0
1401892109 28.662704E+0
1401892111 28.632458E+0
1401892113 28.610119E+0
1401892115 28.607841E+0
1401892117 28.605308E+0
1401892119 28.593998E+0
1401892121 28.564033E+0
1401892123 28.562038E+0
1401892125 28.563163E+0
1401892127 28.541976E+0
1401892129 28.531510E+0
1401892131 28.529258E+0
1401892133 28.555256E+0
1401892135 28.556664E+0
1401892137 28.563163E+0
1401892139 28.566567E+0
1401892141 28.571659E+0
1401892143 28.553286E+0
1401892145 28.548757E+0
1401892147 28.527544E+0
1401892149 28.544791E+0
1401892151 28.592002E+0
1401892153 28.616337E+0
1401892155 28.617181E+0
1401892157 28.601342E+0
1401892159 28.594279E+0
1401892161 28.598527E+0
1401892163 28.596813E+0
1401892165 28.611808E+0
1401892167 28.620277E+0
1401892169 28.617744E+0
1401892171 28.617181E+0
1401892173 28.601623E+0
1401892175 28.591439E+0
1401892177 28.572222E+0
1401892179 28.560067E+0
1401892181 28.553286E+0
1401892183 28.546787E+0
1401892185 28.556664E+0
1401892187 28.537165E+0
1401892189 28.522733E+0
1401892191 28.515108E+0
1401892193 28.508608E+0
1401892195 28.525292E+0
1401892197 28.523015E+0
1401892199 28.511986E+0
1401892201 28.515108E+0
1401892203 28.532918E+0
1401892205 28.543383E+0
1401892207 28.538010E+0
1401892209 28.543946E+0
1401892211 28.532918E+0
1401892213 28.521044E+0
1401892215 28.537447E+0
1401892217 28.549601E+0
1401892219 28.556945E+0
1401892221 28.547631E+0
1401892223 28.567974E+0
1401892225 28.609556E+0
1401892227 28.617744E+0
1401892229 28.612371E+0
1401892231 28.592590E+0
1401892233 28.567693E+0
1401892235 28.560349E+0
1401892237 28.539699E+0
1401892239 28.557815E+0
1401892241 28.542257E+0
1401892243 28.532073E+0
1401892245 28.574192E+0
1401892247 28.615774E+0
1401892249 28.621992E+0
1401892251 28.630743E+0
1401892253 28.656204E+0
1401892255 28.660426E+0
1401892257 28.649679E+0
1401892259 28.625933E+0
1401892261 28.631588E+0
1401892263 28.634147E+0
1401892265 28.653927E+0
1401892267 28.664392E+0
1401892269 28.664674E+0
1401892271 28.686450E+0
1401892273 28.715570E+0
1401892275 28.753160E+0
1401892277 28.740442E+0
1401892279 28.724603E+0
1401892281 28.716977E+0
1401892283 28.678824E+0
1401892285 28.658456E+0
1401892287 28.643461E+0
1401892289 28.629054E+0
1401892291 28.615211E+0
1401892293 28.603031E+0
1401892295 28.594279E+0
1401892297 28.590313E+0
1401892299 28.594842E+0
1401892301 28.564596E+0
1401892303 28.549883E+0
1401892305 28.532073E+0
1401892307 28.516797E+0
1401892309 28.519637E+0
1401892311 28.500957E+0
1401892313 28.491361E+0
1401892315 28.478900E+0
1401892317 28.472682E+0
1401892319 28.461371E+0
1401892321 28.463367E+0
1401892323 28.456868E+0
1401892325 28.459683E+0
1401892327 28.485706E+0
1401892329 28.500957E+0
1401892331 28.486832E+0
1401892333 28.474115E+0
1401892335 28.451776E+0
1401892337 28.457149E+0
1401892339 28.450061E+0
1401892341 28.446402E+0
1401892343 28.443562E+0
1401892345 28.459683E+0
1401892347 28.457712E+0
1401892349 28.473552E+0
1401892351 28.465619E+0
1401892353 28.469867E+0
1401892355 28.465619E+0
1401892357 28.453746E+0
1401892359 28.437625E+0
1401892361 28.449498E+0
1401892363 28.459964E+0
1401892365 28.477492E+0
1401892367 28.466182E+0
1401892369 28.502390E+0
1401892371 28.522170E+0
1401892373 28.559504E+0
1401892375 28.581562E+0
1401892377 28.584658E+0
1401892379 28.610119E+0
1401892381 28.638676E+0
1401892383 28.666926E+0
1401892385 28.662704E+0
1401892387 28.648834E+0
1401892389 28.689546E+0
1401892391 28.739598E+0
1401892393 28.729695E+0
1401892395 28.709070E+0
1401892397 28.666644E+0
1401892399 28.662422E+0
1401892401 28.627084E+0
1401892403 28.598809E+0
1401892405 28.592002E+0
1401892407 28.599090E+0
1401892409 28.606997E+0
1401892411 28.574474E+0
1401892413 28.566848E+0
1401892415 28.545354E+0
1401892417 28.529258E+0
1401892419 28.500957E+0
1401892421 28.509171E+0
1401892423 28.515671E+0
1401892425 28.505205E+0
1401892427 28.534325E+0
1401892429 28.532636E+0
1401892431 28.526981E+0
1401892433 28.493332E+0
1401892435 28.461090E+0
1401892437 28.477492E+0
1401892439 28.499831E+0
1401892441 28.484836E+0
1401892443 28.461371E+0
1401892445 28.463086E+0
1401892447 28.454590E+0
1401892449 28.446402E+0
1401892451 28.452339E+0
1401892453 28.449217E+0
1401892455 28.422937E+0
1401892457 28.396351E+0
1401892459 28.394099E+0
1401892461 28.389007E+0
1401892463 28.387318E+0
1401892465 28.396351E+0
1401892467 28.385885E+0
1401892469 28.386448E+0
1401892471 28.388162E+0
1401892473 28.387599E+0
1401892475 28.387881E+0
1401892477 28.376852E+0
1401892479 28.369201E+0
1401892481 28.375137E+0
1401892483 28.372041E+0
1401892485 28.369789E+0
1401892487 28.355076E+0
1401892489 28.364979E+0
1401892491 28.362983E+0
1401892493 28.374856E+0
1401892495 28.366668E+0
1401892497 28.347732E+0
1401892500 28.329359E+0
1401892502 28.320864E+0
1401892504 28.337266E+0
1401892506 28.352543E+0
1401892508 28.352236E+0
1401892510 28.353669E+0
1401892512 28.354513E+0
1401892514 28.360168E+0
1401892516 28.374012E+0
1401892518 28.356765E+0
1401892520 28.364416E+0
1401892522 28.385885E+0
1401892524 28.403132E+0
1401892526 28.403132E+0
1401892528 28.407379E+0
1401892530 28.422093E+0
1401892532 28.422937E+0
1401892534 28.444406E+0
1401892536 28.437625E+0
1401892538 28.439621E+0
1401892540 28.444125E+0
1401892542 28.433684E+0
1401892544 28.422656E+0
1401892546 28.430000E+0
1401892548 28.402569E+0
1401892550 28.395506E+0
1401892552 28.401724E+0
1401892554 28.422374E+0
1401892556 28.401161E+0
1401892558 28.384759E+0
1401892560 28.378259E+0
1401892562 28.369789E+0
1401892564 28.375726E+0
1401892566 28.385322E+0
1401892568 28.396913E+0
1401892570 28.390414E+0
1401892572 28.403132E+0
1401892574 28.404564E+0
1401892576 28.405127E+0
1401892578 28.391821E+0
1401892580 28.398321E+0
1401892582 28.373449E+0
1401892584 28.369482E+0
1401892586 28.353106E+0
1401892588 28.333581E+0
1401892590 28.325674E+0
1401892592 28.300802E+0
1401892594 28.308709E+0
1401892596 28.310679E+0
1401892598 28.324267E+0
1401892600 28.323116E+0
1401892602 28.334707E+0
1401892604 28.349984E+0
1401892606 28.360168E+0
1401892608 28.359042E+0
1401892610 28.346606E+0
1401892612 28.346299E+0
1401892614 28.351673E+0
1401892616 28.360450E+0
1401892618 28.328489E+0
1401892620 28.321708E+0
1401892622 28.330485E+0
1401892624 28.315209E+0
1401892626 28.303617E+0
1401892628 28.298806E+0
1401892630 28.289492E+0
1401892632 28.284400E+0
1401892634 28.275904E+0
1401892636 28.244814E+0
1401892638 28.236882E+0
1401892640 28.241129E+0
1401892642 28.251032E+0
1401892644 28.260654E+0
1401892646 28.273653E+0
1401892648 28.270249E+0
1401892650 28.273934E+0
1401892652 28.308709E+0
1401892654 28.288059E+0
1401892656 28.297399E+0
1401892658 28.269123E+0
1401892660 28.250188E+0
1401892662 28.240003E+0
1401892664 28.232378E+0
1401892666 28.235756E+0
1401892668 28.245377E+0
1401892670 28.240566E+0
1401892672 28.228693E+0
1401892674 28.243688E+0
1401892676 28.276749E+0
1401892678 28.298525E+0
1401892680 28.327082E+0
1401892682 28.367793E+0
1401892684 28.403132E+0
1401892686 28.439058E+0
1401892688 28.458838E+0
1401892690 28.480614E+0
1401892692 28.475241E+0
1401892694 28.471556E+0
1401892696 28.474959E+0
1401892698 28.459120E+0
1401892700 28.466182E+0
1401892702 28.485143E+0
1401892704 28.490210E+0
1401892706 28.486269E+0
1401892708 28.486551E+0
1401892710 28.473245E+0
1401892712 28.432533E+0
1401892714 28.399472E+0
1401892716 28.390132E+0
1401892718 28.398321E+0
1401892720 28.386448E+0
1401892722 28.394099E+0
1401892724 28.402569E+0
1401892726 28.392666E+0
1401892728 28.394943E+0
1401892730 28.374575E+0
1401892732 28.373167E+0
1401892734 28.392666E+0
1401892736 28.391258E+0
1401892738 28.370352E+0
1401892740 28.364134E+0
1401892742 28.327363E+0
1401892744 28.303898E+0
1401892746 28.280152E+0
1401892748 28.276749E+0
1401892750 28.261498E+0
1401892752 28.230101E+0
1401892754 28.214568E+0
1401892756 28.203258E+0
1401892758 28.197322E+0
1401892760 28.226160E+0
1401892762 28.264594E+0
1401892764 28.291462E+0
1401892766 28.292588E+0
1401892768 28.316335E+0
1401892770 28.323116E+0
1401892772 28.365542E+0
1401892774 28.402850E+0
1401892776 28.430281E+0
1401892778 28.443562E+0
1401892780 28.463367E+0
1401892782 28.506049E+0
1401892784 28.527262E+0
1401892786 28.563470E+0
1401892788 28.607278E+0
1401892790 28.640083E+0
1401892792 28.649116E+0
1401892794 28.651675E+0
1401892796 28.671173E+0
1401892798 28.681921E+0
1401892800 28.707382E+0
1401892802 28.731691E+0
1401892804 28.748375E+0
1401892806 28.758252E+0
1401892808 28.765622E+0
1401892810 28.754311E+0
1401892812 28.762500E+0
1401892814 28.778902E+0
1401892816 28.776062E+0
1401892818 28.790775E+0
1401892820 28.804619E+0
1401892822 28.812833E+0
1401892824 28.803493E+0
1401892826 28.798401E+0
1401892828 28.799527E+0
1401892830 28.808022E+0
1401892832 28.816492E+0
1401892834 28.832050E+0
1401892836 28.836861E+0
1401892838 28.833457E+0
1401892840 28.839112E+0
1401892842 28.833457E+0
1401892844 28.832331E+0
1401892846 28.812270E+0
1401892848 28.821021E+0
1401892850 28.840264E+0
1401892852 28.847608E+0
1401892854 28.849860E+0
1401892856 28.862577E+0
1401892858 28.885761E+0
1401892860 28.895945E+0
1401892862 28.884072E+0
1401892864 28.859763E+0
1401892866 28.854670E+0
1401892868 28.831768E+0
1401892870 28.848734E+0
1401892872 28.852137E+0
1401892874 28.855233E+0
1401892876 28.868232E+0
1401892878 28.875883E+0
1401892880 28.864855E+0
1401892882 28.853544E+0
1401892884 28.861451E+0
1401892886 28.857792E+0
1401892888 28.832331E+0
1401892890 28.811988E+0
1401892892 28.830643E+0
1401892894 28.849015E+0
1401892896 28.864573E+0
1401892898 28.864010E+0
1401892900 28.882664E+0
1401892902 28.890290E+0
1401892904 28.899067E+0
1401892906 28.910659E+0
1401892908 28.916314E+0
1401892910 28.913473E+0
1401892912 28.897659E+0
1401892914 28.865699E+0
1401892916 28.874758E+0
1401892918 28.859481E+0
1401892920 28.860044E+0
1401892922 28.864573E+0
1401892924 28.850423E+0
1401892926 28.839675E+0
1401892928 28.814803E+0
1401892930 28.798682E+0
1401892932 28.803493E+0
1401892934 28.799527E+0
1401892936 28.820177E+0
1401892938 28.824143E+0
1401892940 28.841390E+0
1401892942 28.817362E+0
1401892944 28.804337E+0
1401892946 28.744971E+0
1401892948 28.689828E+0
1401892950 28.646864E+0
1401892952 28.615774E+0
1401892954 28.584939E+0
1401892956 28.576751E+0
1401892958 28.570251E+0
1401892960 28.532918E+0
1401892962 28.519330E+0
1401892964 28.476648E+0
1401892966 28.446402E+0
1401892968 28.413034E+0
1401892970 28.376852E+0
1401892972 28.347450E+0
1401892974 28.342358E+0
1401892976 28.299651E+0
1401892978 28.307865E+0
1401892980 28.314083E+0
1401892982 28.297117E+0
1401892984 28.299088E+0
1401892986 28.318331E+0
1401892988 28.349421E+0
1401892990 28.365542E+0
1401892992 28.384477E+0
1401892994 28.429155E+0
1401892996 28.471556E+0
1401892998 28.505768E+0
1401893000 28.521044E+0
1401893002 28.545635E+0
1401893004 28.541132E+0
1401893006 28.564315E+0
1401893008 28.569407E+0
1401893010 28.590595E+0
1401893012 28.622836E+0
1401893014 28.628491E+0
1401893016 28.650830E+0
1401893018 28.630180E+0
1401893020 28.630743E+0
1401893022 28.590876E+0
1401893024 28.625088E+0
1401893026 28.655641E+0
1401893028 28.634710E+0
1401893030 28.655923E+0
1401893032 28.677392E+0
1401893034 28.675421E+0
1401893036 28.708789E+0
1401893038 28.720099E+0
1401893040 28.736220E+0
1401893042 28.749501E+0
1401893044 28.749501E+0
1401893046 28.739879E+0
1401893048 28.749219E+0
1401893050 28.757689E+0
1401893052 28.743001E+0
1401893054 28.713881E+0
1401893056 28.676547E+0
1401893058 28.650830E+0
1401893060 28.611808E+0
1401893062 28.611526E+0
1401893064 28.625088E+0
1401893066 28.640083E+0
1401893068 28.626803E+0
1401893070 28.603594E+0
1401893072 28.619715E+0
1401893074 28.628491E+0
1401893076 28.620277E+0
1401893078 28.644612E+0
1401893080 28.642898E+0
1401893082 28.634991E+0
1401893084 28.648553E+0
1401893086 28.630462E+0
1401893088 28.599090E+0
1401893090 28.607278E+0
1401893092 28.616055E+0
1401893094 28.636117E+0
1401893096 28.637243E+0
1401893098 28.616618E+0
1401893100 28.638394E+0
1401893102 28.652801E+0
1401893104 28.647427E+0
1401893106 28.645457E+0
1401893108 28.641772E+0
1401893110 28.644612E+0
1401893112 28.656204E+0
1401893114 28.656204E+0
1401893116 28.677392E+0
1401893118 28.687576E+0
1401893120 28.698323E+0
1401893122 28.695764E+0
1401893124 28.696353E+0
1401893126 28.677954E+0
1401893128 28.666363E+0
1401893130 28.646301E+0
1401893132 28.632739E+0
1401893134 28.571659E+0
1401893136 28.537447E+0
1401893138 28.504361E+0
1401893140 28.439340E+0
1401893142 28.414442E+0
1401893144 28.381074E+0
1401893146 28.378541E+0
1401893148 28.400598E+0
1401893150 28.405409E+0
1401893152 28.383914E+0
1401893154 28.340081E+0
1401893156 28.340951E+0
1401893158 28.320019E+0
1401893160 28.316335E+0
1401893162 28.314927E+0
1401893164 28.294559E+0
1401893166 28.277030E+0
1401893168 28.273090E+0
1401893170 28.220786E+0
1401893172 28.204947E+0
1401893174 28.171298E+0
1401893176 28.163954E+0
1401893178 28.131431E+0
1401893180 28.103437E+0
1401893182 28.093278E+0
1401893184 28.081968E+0
1401893186 28.060192E+0
1401893188 28.056225E+0
1401893190 28.057914E+0
1401893192 28.044071E+0
1401893194 28.025980E+0
1401893196 28.015232E+0
1401893198 28.015232E+0
1401893200 27.966614E+0
1401893202 27.942560E+0
1401893204 27.926184E+0
1401893206 27.932402E+0
1401893208 27.934654E+0
1401893210 27.928154E+0
1401893212 27.942842E+0
1401893214 27.990360E+0
1401893216 27.992049E+0
1401893218 28.021450E+0
1401893220 28.038979E+0
1401893222 28.062443E+0
1401893224 28.032761E+0
1401893226 28.031353E+0
1401893228 28.009296E+0
1401893230 27.980457E+0
1401893232 27.964618E+0
1401893234 27.992893E+0
1401893236 27.994019E+0
1401893238 27.981583E+0
1401893240 27.961803E+0
1401893242 27.963492E+0
1401893244 27.965462E+0
1401893246 27.975647E+0
1401893248 27.997141E+0
1401893250 27.988646E+0
1401893252 28.009577E+0
1401893254 28.023421E+0
1401893256 28.048037E+0
1401893258 28.016640E+0
1401893260 27.998549E+0
1401893262 27.985268E+0
1401893264 28.004204E+0
1401893266 27.999674E+0
1401893268 28.010140E+0
1401893270 28.040949E+0
1401893272 28.082812E+0
1401893274 28.074035E+0
1401893276 28.075161E+0
1401893278 28.076313E+0
1401893280 28.072909E+0
1401893282 28.086471E+0
1401893284 28.133708E+0
1401893286 28.129460E+0
1401893288 28.135397E+0
1401893290 28.130586E+0
1401893292 28.141052E+0
1401893294 28.164517E+0
1401893296 28.171016E+0
1401893298 28.138212E+0
1401893300 28.187982E+0
1401893302 28.219635E+0
1401893304 28.237752E+0
1401893306 28.251877E+0
1401893308 28.267998E+0
1401893310 28.280434E+0
1401893312 28.298806E+0
1401893314 28.318049E+0
1401893316 28.290899E+0
1401893318 28.264876E+0
1401893320 28.229538E+0
1401893322 28.223320E+0
1401893324 28.221912E+0
1401893326 28.225290E+0
1401893328 28.205510E+0
1401893330 28.190515E+0
1401893332 28.175546E+0
1401893334 28.153207E+0
1401893336 28.178360E+0
1401893338 28.183734E+0
1401893340 28.213417E+0
1401893342 28.196451E+0
1401893344 28.217665E+0
1401893346 28.236319E+0
1401893348 28.220223E+0
1401893350 28.200136E+0
1401893352 28.182608E+0
1401893354 28.198729E+0
1401893356 28.241974E+0
1401893358 28.221912E+0
1401893360 28.242255E+0
1401893362 28.264594E+0
1401893364 28.263750E+0
1401893366 28.262342E+0
1401893368 28.262905E+0
1401893370 28.277312E+0
1401893372 28.299088E+0
1401893374 28.295710E+0
1401893376 28.274497E+0
1401893378 28.269405E+0
1401893380 28.282122E+0
1401893382 28.276467E+0
1401893384 28.290618E+0
1401893386 28.299932E+0
1401893388 28.290055E+0
1401893390 28.283837E+0
1401893392 28.286370E+0
1401893394 28.269123E+0
1401893396 28.284118E+0
1401893398 28.298243E+0
1401893400 28.283274E+0
1401893402 28.278182E+0
1401893404 28.266309E+0
1401893406 28.256406E+0
1401893408 28.275341E+0
1401893410 28.305869E+0
1401893412 28.278745E+0
1401893414 28.264313E+0
1401893416 28.234911E+0
1401893418 28.231227E+0
1401893420 28.162265E+0
1401893422 28.193074E+0
1401893424 28.196170E+0
1401893426 28.192511E+0
1401893428 28.198447E+0
1401893430 28.213135E+0
1401893432 28.191385E+0
1401893434 28.193355E+0
1401893436 28.202695E+0
1401893438 28.210602E+0
1401893440 28.202695E+0
1401893442 28.200136E+0
1401893444 28.182045E+0
1401893446 28.144711E+0
1401893448 28.153207E+0
1401893450 28.166206E+0
1401893452 28.189952E+0
1401893454 28.207199E+0
1401893456 28.204947E+0
1401893458 28.220223E+0
1401893460 28.247910E+0
1401893462 28.243970E+0
1401893464 28.265720E+0
1401893466 28.281560E+0
1401893468 28.280715E+0
1401893470 28.268560E+0
1401893472 28.265439E+0
1401893474 28.301084E+0
1401893476 28.330204E+0
1401893478 28.361575E+0
1401893480 28.357609E+0
1401893482 28.380230E+0
1401893484 28.378541E+0
1401893486 28.327926E+0
1401893488 28.286089E+0
1401893490 28.227849E+0
1401893492 28.143022E+0
1401893494 28.140208E+0
1401893496 28.152644E+0
1401893498 28.134552E+0
1401893500 28.150955E+0
1401893502 28.155458E+0
1401893504 28.172987E+0
1401893506 28.178642E+0
1401893508 28.155177E+0
1401893510 28.127183E+0
1401893512 28.059066E+0
1401893514 28.045760E+0
1401893516 28.012699E+0
1401893518 28.026824E+0
1401893520 27.998267E+0
1401893522 27.970273E+0
1401893524 27.955304E+0
1401893526 27.956430E+0
1401893528 27.951900E+0
1401893530 27.932402E+0
1401893532 27.934654E+0
1401893534 27.920247E+0
1401893536 27.885165E+0
1401893538 27.888005E+0
1401893540 27.877258E+0
1401893542 27.851260E+0
1401893544 27.830610E+0
1401893546 27.817048E+0
1401893548 27.826644E+0
1401893550 27.812800E+0
1401893552 27.802053E+0
1401893554 27.802053E+0
1401893556 27.772933E+0
1401893558 27.764745E+0
1401893560 27.767559E+0
1401893562 27.755123E+0
1401893564 27.755405E+0
1401893566 27.768685E+0
1401893568 27.750876E+0
1401893570 27.739847E+0
1401893572 27.716664E+0
1401893574 27.725722E+0
1401893576 27.766715E+0
1401893578 27.777181E+0
1401893580 27.783962E+0
1401893582 27.774622E+0
1401893584 27.797805E+0
1401893586 27.797242E+0
1401893588 27.830610E+0
1401893590 27.807708E+0
1401893592 27.803742E+0
1401893594 27.802334E+0
1401893596 27.817892E+0
1401893598 27.802053E+0
1401893600 27.820707E+0
1401893602 27.820989E+0
1401893604 27.796398E+0
1401893606 27.789617E+0
1401893608 27.778025E+0
1401893610 27.769530E+0
1401893612 27.780277E+0
1401893614 27.765026E+0
1401893616 27.769530E+0
1401893618 27.759090E+0
1401893620 27.771526E+0
1401893622 27.774340E+0
1401893624 27.817048E+0
1401893626 27.832299E+0
1401893628 27.852386E+0
1401893630 27.918814E+0
1401893632 27.978205E+0
1401893634 27.992893E+0
1401893636 28.010140E+0
1401893638 28.031635E+0
1401893640 28.033886E+0
1401893642 28.031635E+0
1401893644 28.030227E+0
1401893646 27.964899E+0
1401893648 27.940872E+0
1401893650 27.922780E+0
1401893652 27.906941E+0
1401893654 27.904971E+0
1401893656 27.885165E+0
1401893658 27.870759E+0
1401893660 27.871885E+0
1401893662 27.857478E+0
1401893664 27.839668E+0
1401893666 27.844453E+0
1401893668 27.845016E+0
1401893670 27.830610E+0
1401893672 27.827207E+0
1401893674 27.845605E+0
1401893676 27.849827E+0
1401893678 27.845886E+0
1401893680 27.829766E+0
1401893682 27.802897E+0
1401893684 27.774059E+0
1401893686 27.774622E+0
1401893688 27.785088E+0
1401893690 27.791587E+0
1401893692 27.779151E+0
1401893694 27.785088E+0
1401893696 27.766152E+0
1401893698 27.743532E+0
1401893700 27.743250E+0
1401893702 27.731659E+0
1401893704 27.730814E+0
1401893706 27.716101E+0
1401893708 27.726003E+0
1401893710 27.714693E+0
1401893712 27.712723E+0
1401893714 27.676515E+0
1401893716 27.698291E+0
1401893718 27.698854E+0
1401893720 27.690103E+0
1401893722 27.684729E+0
1401893724 27.668890E+0
1401893726 27.669734E+0
1401893728 27.649672E+0
1401893730 27.662672E+0
1401893732 27.666331E+0
1401893734 27.671141E+0
1401893736 27.672856E+0
1401893738 27.685010E+0
1401893740 27.695169E+0
1401893742 27.684166E+0
1401893744 27.690947E+0
1401893746 27.688951E+0
1401893748 27.704790E+0
1401893750 27.732784E+0
1401893752 27.726285E+0
1401893754 27.709883E+0
1401893756 27.701413E+0
1401893758 27.690947E+0
1401893760 27.680763E+0
1401893762 27.702820E+0
1401893764 27.699980E+0
1401893766 27.714693E+0
1401893768 27.730533E+0
1401893770 27.711853E+0
1401893772 27.692917E+0
1401893774 27.682452E+0
1401893776 27.693762E+0
1401893778 27.688951E+0
1401893780 27.692073E+0
1401893782 27.686418E+0
1401893784 27.683577E+0
1401893786 27.699980E+0
1401893789 27.697447E+0
1401893791 27.696039E+0
1401893793 27.697728E+0
1401893795 27.685573E+0
1401893797 27.670860E+0
1401893799 27.665768E+0
1401893801 27.660394E+0
1401893803 27.656453E+0
1401893805 27.637799E+0
1401893807 27.635522E+0
1401893809 27.651361E+0
1401893811 27.674263E+0
1401893813 27.671141E+0
1401893815 27.671141E+0
1401893817 27.672267E+0
1401893819 27.680200E+0
1401893821 27.685292E+0
1401893823 27.681326E+0
1401893825 27.675952E+0
1401893827 27.683296E+0
1401893829 27.687825E+0
1401893831 27.689233E+0
1401893833 27.683296E+0
1401893835 27.686418E+0
1401893837 27.692354E+0
1401893839 27.694888E+0
1401893841 27.709883E+0
1401893843 27.725159E+0
1401893845 27.752565E+0
1401893847 27.739284E+0
1401893849 27.741561E+0
1401893851 27.718071E+0
1401893853 27.714693E+0
1401893855 27.713004E+0
1401893857 27.696884E+0
1401893859 27.702820E+0
1401893861 27.699135E+0
1401893863 27.691510E+0
1401893865 27.663234E+0
1401893867 27.668890E+0
1401893869 27.669171E+0
1401893871 27.672574E+0
1401893873 27.691791E+0
1401893875 27.679918E+0
1401893877 27.681607E+0
1401893879 27.693199E+0
1401893881 27.700543E+0
1401893883 27.725441E+0
1401893885 27.704509E+0
1401893887 27.707912E+0
1401893889 27.704790E+0
1401893891 27.684447E+0
1401893893 27.678792E+0
1401893895 27.680481E+0
1401893897 27.685292E+0
1401893899 27.703383E+0
1401893901 27.667764E+0
1401893903 27.632989E+0
1401893905 27.638644E+0
1401893907 27.637799E+0
1401893909 27.658424E+0
1401893911 27.676796E+0
1401893913 27.722037E+0
1401893915 27.724008E+0
1401893917 27.730251E+0
1401893919 27.718071E+0
1401893921 27.705072E+0
1401893923 27.681607E+0
1401893925 27.713286E+0
1401893927 27.714975E+0
1401893929 27.734473E+0
1401893931 27.757657E+0
1401893933 27.748905E+0
1401893935 27.785651E+0
1401893937 27.819300E+0
1401893939 27.766715E+0
1401893941 27.748342E+0
1401893943 27.782836E+0
1401893945 27.784806E+0
1401893947 27.796679E+0
1401893949 27.812519E+0
1401893951 27.817892E+0
1401893953 27.821552E+0
1401893955 27.812237E+0
1401893957 27.794709E+0
1401893959 27.809397E+0
1401893961 27.812237E+0
1401893963 27.808271E+0
1401893965 27.801772E+0
1401893967 27.809115E+0
1401893969 27.798087E+0
1401893971 27.824392E+0
1401893973 27.832862E+0
1401893975 27.864259E+0
1401893977 27.901004E+0
1401893979 27.906941E+0
1401893981 27.908655E+0
1401893983 27.927028E+0
1401893985 27.923625E+0
1401893987 27.901567E+0
1401893989 27.895068E+0
1401893991 27.853230E+0
1401893993 27.837110E+0
1401893995 27.792713E+0
1401893997 27.781403E+0
1401893999 27.762749E+0
1401894001 27.739003E+0
1401894003 27.735318E+0
1401894005 27.710446E+0
1401894007 27.687825E+0
1401894009 27.683296E+0
1401894011 27.664923E+0
1401894013 27.659268E+0
1401894015 27.641459E+0
1401894017 27.653332E+0
1401894019 27.649954E+0
1401894021 27.652769E+0
1401894023 27.657861E+0
1401894025 27.673700E+0
1401894027 27.705353E+0
1401894029 27.721474E+0
1401894031 27.751157E+0
1401894033 27.772652E+0
1401894035 27.786777E+0
1401894037 27.778870E+0
1401894039 27.790743E+0
1401894041 27.796116E+0
1401894043 27.784525E+0
1401894045 27.767559E+0
1401894047 27.752283E+0
1401894049 27.782836E+0
1401894051 27.782554E+0
1401894053 27.795272E+0
1401894055 27.795553E+0
1401894057 27.757938E+0
1401894059 27.766152E+0
1401894061 27.779714E+0
1401894063 27.789617E+0
1401894065 27.826362E+0
1401894067 27.848420E+0
1401894069 27.814208E+0
1401894071 27.813645E+0
1401894073 27.802897E+0
1401894075 27.783962E+0
1401894077 27.776899E+0
1401894079 27.796679E+0
1401894081 27.768404E+0
1401894083 27.750594E+0
1401894085 27.714693E+0
1401894087 27.715538E+0
1401894089 27.688670E+0
1401894091 27.677641E+0
1401894093 27.663797E+0
1401894095 27.688107E+0
1401894097 27.688388E+0
1401894099 27.723445E+0
1401894101 27.753716E+0
1401894103 27.780840E+0
1401894105 27.768685E+0
1401894107 27.759371E+0
1401894109 27.768685E+0
1401894111 27.753716E+0
1401894113 27.736469E+0
1401894115 27.734755E+0
1401894117 27.722319E+0
1401894119 27.724008E+0
1401894121 27.718941E+0
1401894123 27.737314E+0
1401894125 27.739003E+0
1401894127 27.740410E+0
1401894129 27.746065E+0
1401894131 27.758220E+0
1401894133 27.769530E+0
1401894135 27.774059E+0
1401894137 27.798368E+0
1401894139 27.816178E+0
1401894141 27.820707E+0
1401894143 27.845886E+0
1401894145 27.865666E+0
1401894147 27.863978E+0
1401894149 27.896475E+0
1401894151 27.898471E+0
1401894153 27.915155E+0
1401894155 27.915718E+0
1401894157 27.855482E+0
1401894159 27.837391E+0
1401894161 27.802053E+0
1401894163 27.764156E+0
1401894165 27.761060E+0
1401894167 27.764745E+0
1401894169 27.756531E+0
1401894171 27.722037E+0
1401894173 27.713567E+0
1401894175 27.705916E+0
1401894177 27.715256E+0
1401894179 27.725441E+0
1401894181 27.721756E+0
1401894183 27.724878E+0
1401894185 27.730251E+0
1401894187 27.724315E+0
1401894189 27.717508E+0
1401894191 27.731940E+0
1401894193 27.715819E+0
1401894195 27.703946E+0
1401894197 27.696039E+0
1401894199 27.702820E+0
1401894201 27.679355E+0
1401894203 27.682733E+0
1401894205 27.707631E+0
1401894207 27.709038E+0
1401894209 27.727129E+0
1401894211 27.727692E+0
1401894213 27.728818E+0
1401894215 27.719222E+0
1401894217 27.731377E+0
1401894219 27.729100E+0
1401894221 27.723726E+0
1401894223 27.719785E+0
1401894225 27.717227E+0
1401894227 27.729663E+0
1401894229 27.717227E+0
1401894231 27.728255E+0
1401894233 27.728255E+0
1401894235 27.731377E+0
1401894237 27.750594E+0
1401894239 27.770963E+0
1401894241 27.747498E+0
1401894243 27.738440E+0
1401894245 27.739847E+0
1401894247 27.748624E+0
1401894249 27.752002E+0
1401894251 27.741561E+0
1401894253 27.751439E+0
1401894255 27.751439E+0
1401894257 27.759090E+0
1401894259 27.753435E+0
1401894261 27.740691E+0
1401894263 27.730251E+0
1401894265 27.736469E+0
1401894267 27.739565E+0
1401894269 27.737314E+0
1401894271 27.740410E+0
1401894273 27.752002E+0
1401894275 27.759934E+0
1401894277 27.775466E+0
1401894279 27.783399E+0
1401894281 27.786777E+0
1401894283 27.766715E+0
1401894285 27.769530E+0
1401894287 27.779996E+0
1401894289 27.781121E+0
1401894291 27.787928E+0
1401894293 27.790461E+0
1401894295 27.778870E+0
1401894297 27.784806E+0
1401894299 27.773215E+0
1401894301 27.789898E+0
1401894303 27.781991E+0
1401894305 27.762186E+0
1401894307 27.743813E+0
1401894309 27.746065E+0
1401894311 27.739847E+0
1401894313 27.732222E+0
1401894315 27.724315E+0
1401894317 27.715256E+0
1401894319 27.712134E+0
1401894321 27.713286E+0
1401894323 27.708194E+0
1401894325 27.712416E+0
1401894327 27.733629E+0
1401894329 27.739003E+0
1401894331 27.742687E+0
1401894333 27.740128E+0
1401894335 27.738440E+0
1401894337 27.747498E+0
1401894339 27.751720E+0
1401894341 27.777744E+0
1401894343 27.768122E+0
1401894345 27.798650E+0
1401894347 27.803179E+0
1401894349 27.779714E+0
1401894351 27.783399E+0
1401894353 27.774340E+0
1401894355 27.773496E+0
1401894357 27.769530E+0
1401894359 27.774340E+0
1401894361 27.764745E+0
1401894363 27.765026E+0
1401894365 27.758220E+0
1401894367 27.752846E+0
1401894369 27.769811E+0
1401894371 27.774903E+0
1401894373 27.754560E+0
1401894375 27.748061E+0
1401894377 27.756812E+0
1401894379 27.763593E+0
1401894381 27.764438E+0
1401894383 27.757094E+0
1401894385 27.770093E+0
1401894387 27.770681E+0
1401894389 27.771807E+0
1401894391 27.764745E+0
1401894393 27.768685E+0
1401894395 27.790180E+0
1401894397 27.780840E+0
1401894399 27.783962E+0
1401894401 27.817048E+0
1401894403 27.805456E+0
1401894405 27.812800E+0
1401894407 27.805175E+0
1401894409 27.821833E+0
1401894411 27.828358E+0
1401894413 27.833732E+0
1401894415 27.830610E+0
1401894417 27.820989E+0
1401894419 27.831736E+0
1401894421 27.840794E+0
1401894423 27.838235E+0
1401894425 27.834576E+0
1401894427 27.830047E+0
1401894429 27.822422E+0
1401894431 27.826925E+0
1401894433 27.850390E+0
1401894435 27.855764E+0
1401894437 27.850672E+0
1401894439 27.852386E+0
1401894441 27.840513E+0
1401894443 27.832862E+0
1401894445 27.838798E+0
1401894447 27.819863E+0
1401894449 27.826362E+0
1401894451 27.814489E+0
1401894453 27.801772E+0
1401894455 27.819018E+0
1401894457 27.830610E+0
1401894459 27.824392E+0
1401894461 27.841357E+0
1401894463 27.858604E+0
1401894465 27.857478E+0
1401894467 27.845605E+0
1401894469 27.842202E+0
1401894471 27.845605E+0
1401894473 27.840794E+0
1401894475 27.835421E+0
1401894477 27.829766E+0
1401894479 27.843328E+0
1401894481 27.859167E+0
1401894483 27.856327E+0
1401894485 27.851542E+0
1401894487 27.856608E+0
1401894489 27.858041E+0
1401894491 27.866511E+0
1401894493 27.858604E+0
1401894495 27.867918E+0
1401894497 27.861700E+0
1401894499 27.863133E+0
1401894501 27.867355E+0
1401894503 27.865385E+0
1401894505 27.869070E+0
1401894507 27.876977E+0
1401894509 27.878947E+0
1401894511 27.880098E+0
1401894513 27.872729E+0
1401894515 27.881224E+0
1401894517 27.864822E+0
1401894519 27.871603E+0
1401894521 27.855482E+0
1401894523 27.873292E+0
1401894525 27.882632E+0
1401894527 27.884884E+0
1401894529 27.889131E+0
1401894531 27.899034E+0
1401894533 27.881787E+0
1401894535 27.891690E+0
1401894537 27.891690E+0
1401894539 27.892816E+0
1401894541 27.892253E+0
1401894543 27.883476E+0
1401894545 27.910626E+0
1401894547 27.895631E+0
1401894549 27.910907E+0
1401894551 27.923906E+0
1401894553 27.941716E+0
1401894555 27.942560E+0
1401894557 27.921373E+0
1401894559 27.909500E+0
1401894561 27.911752E+0
1401894563 27.906941E+0
1401894565 27.912596E+0
1401894567 27.915436E+0
1401894569 27.921373E+0
1401894571 27.925314E+0
1401894573 27.945682E+0
1401894575 27.938901E+0
1401894577 27.935779E+0
1401894579 27.933528E+0
1401894581 27.934372E+0
1401894583 27.929280E+0
1401894585 27.946245E+0
1401894587 27.936061E+0
1401894589 27.920529E+0
1401894591 27.917407E+0
1401894593 27.912596E+0
1401894595 27.918533E+0
1401894597 27.922780E+0
1401894599 27.931839E+0
1401894601 27.931250E+0
1401894603 27.953026E+0
1401894605 27.988646E+0
1401894607 28.008170E+0
1401894609 27.995452E+0
1401894611 27.977335E+0
1401894613 27.980176E+0
1401894615 27.971399E+0
1401894617 27.951900E+0
1401894619 27.951056E+0
1401894621 27.943993E+0
1401894623 27.951056E+0
1401894625 27.969710E+0
1401894627 27.973113E+0
1401894629 27.968303E+0
1401894631 27.949930E+0
1401894633 27.932120E+0
1401894635 27.928154E+0
1401894637 27.927028E+0
1401894639 27.921936E+0
1401894641 27.922780E+0
1401894643 27.932683E+0
1401894645 27.926465E+0
1401894647 27.941435E+0
1401894649 27.962648E+0
1401894651 27.953308E+0
1401894653 27.949930E+0
1401894655 27.957274E+0
1401894657 27.964618E+0
1401894659 27.969429E+0
1401894661 27.984424E+0
1401894663 27.980176E+0
1401894665 27.979613E+0
1401894667 27.961522E+0
1401894669 27.978205E+0
1401894671 27.980176E+0
1401894673 27.986394E+0
1401894675 27.987801E+0
1401894677 27.991486E+0
1401894679 27.996297E+0
1401894681 27.993175E+0
1401894683 27.994019E+0
1401894685 27.988083E+0
1401894687 27.993456E+0
1401894689 28.001670E+0
1401894691 27.997423E+0
1401894693 28.000826E+0
1401894695 27.989516E+0
1401894697 27.999111E+0
1401894699 28.000826E+0
1401894701 28.003641E+0
1401894703 28.002233E+0
1401894705 28.020887E+0
1401894707 28.018636E+0
1401894709 28.017203E+0
1401894711 28.003078E+0
1401894713 28.035601E+0
1401894715 28.067817E+0
1401894717 28.096374E+0
1401894719 28.107403E+0
1401894721 28.130305E+0
1401894723 28.136241E+0
1401894725 28.152644E+0
1401894727 28.161113E+0
1401894729 28.149522E+0
1401894731 28.126338E+0
1401894733 28.122116E+0
1401894735 28.124087E+0
1401894737 28.114747E+0
1401894739 28.125494E+0
1401894741 28.110806E+0
1401894743 28.101466E+0
1401894745 28.100059E+0
1401894747 28.079690E+0
1401894749 28.058784E+0
1401894751 28.049163E+0
1401894753 28.050289E+0
1401894755 28.038416E+0
1401894757 28.040667E+0
1401894759 28.048600E+0
1401894761 28.057914E+0
1401894763 28.059629E+0
1401894765 28.049726E+0
1401894767 28.065002E+0
1401894769 28.062725E+0
1401894771 28.060192E+0
1401894773 28.067817E+0
1401894775 28.074035E+0
1401894777 28.075750E+0
1401894779 28.072628E+0
1401894781 28.075443E+0
1401894783 28.079972E+0
1401894785 28.093559E+0
1401894787 28.089312E+0
1401894789 28.064721E+0
1401894791 28.048881E+0
1401894793 28.034168E+0
1401894795 28.041256E+0
1401894797 28.028231E+0
1401894799 28.036445E+0
1401894801 28.035601E+0
1401894803 28.034731E+0
1401894805 28.020324E+0
1401894807 28.008733E+0
1401894809 28.022858E+0
1401894811 28.024009E+0
1401894813 28.032761E+0
1401894815 28.037008E+0
1401894817 28.037571E+0
1401894819 28.044352E+0
1401894821 28.049444E+0
1401894823 28.065565E+0
1401894825 28.056507E+0
1401894827 28.040949E+0
1401894829 28.031916E+0
1401894831 28.035601E+0
1401894833 28.051978E+0
1401894835 28.048881E+0
1401894837 28.042945E+0
1401894839 28.025980E+0
1401894841 28.025417E+0
1401894843 28.023702E+0
1401894845 28.027668E+0
1401894847 28.020606E+0
1401894849 28.018354E+0
1401894851 28.028231E+0
1401894853 28.029946E+0
1401894855 28.044071E+0
1401894857 28.031353E+0
1401894859 28.030227E+0
1401894861 28.051978E+0
1401894863 28.063006E+0
1401894865 28.054537E+0
1401894867 28.054255E+0
1401894869 28.057914E+0
1401894871 28.064721E+0
1401894873 28.094685E+0
1401894875 28.110525E+0
1401894877 28.101748E+0
1401894879 28.102874E+0
1401894881 28.105714E+0
1401894883 28.091282E+0
1401894885 28.085908E+0
1401894887 28.082812E+0
1401894889 28.087034E+0
1401894891 28.105995E+0
1401894893 28.107966E+0
1401894895 28.126338E+0
1401894897 28.124931E+0
1401894899 28.129179E+0
1401894901 28.134271E+0
1401894903 28.137086E+0
1401894905 28.128053E+0
1401894907 28.124087E+0
1401894909 28.112213E+0
1401894911 28.092971E+0
1401894913 28.086753E+0
1401894915 28.089875E+0
1401894917 28.096937E+0
1401894919 28.091845E+0
1401894921 28.077438E+0
1401894923 28.077438E+0
1401894925 28.096656E+0
1401894927 28.105432E+0
1401894929 28.104281E+0
1401894931 28.109092E+0
1401894933 28.105151E+0
1401894935 28.106558E+0
1401894937 28.113902E+0
1401894939 28.106840E+0
1401894941 28.106277E+0
1401894943 28.120402E+0
1401894945 28.130023E+0
1401894947 28.124931E+0
1401894949 28.160832E+0
1401894951 28.192229E+0
1401894953 28.201544E+0
1401894955 28.208913E+0
1401894957 28.214287E+0
1401894959 28.224164E+0
1401894961 28.245659E+0
1401894963 28.274779E+0
1401894965 28.308709E+0
1401894967 28.309554E+0
1401894969 28.320864E+0
1401894971 28.341514E+0
1401894973 28.367512E+0
1401894975 28.401161E+0
1401894977 28.425470E+0
1401894979 28.454872E+0
1401894981 28.459683E+0
1401894983 28.471837E+0
1401894985 28.460527E+0
1401894987 28.418408E+0
1401894989 28.411064E+0
1401894991 28.403413E+0
1401894993 28.411908E+0
1401894995 28.426596E+0
1401894997 28.444713E+0
1401894999 28.460527E+0
1401895001 28.459964E+0
1401895003 28.455998E+0
1401895005 28.457994E+0
1401895007 28.453746E+0
1401895009 28.422937E+0
1401895011 28.431970E+0
1401895013 28.431689E+0
1401895015 28.427748E+0
1401895017 28.435655E+0
1401895019 28.461090E+0
1401895021 28.483992E+0
1401895023 28.496454E+0
1401895025 28.496735E+0
1401895027 28.504642E+0
1401895029 28.494739E+0
1401895031 28.493895E+0
1401895033 28.510016E+0
1401895035 28.533199E+0
1401895037 28.549883E+0
1401895039 28.571096E+0
1401895041 28.575344E+0
1401895043 28.564596E+0
1401895045 28.550446E+0
1401895047 28.516234E+0
1401895049 28.513675E+0
1401895051 28.528670E+0
1401895053 28.542820E+0
1401895055 28.555819E+0
1401895057 28.521889E+0
1401895059 28.532636E+0
1401895061 28.529258E+0
1401895063 28.514826E+0
1401895065 28.497861E+0
1401895067 28.476085E+0
1401895069 28.434529E+0
1401895071 28.411064E+0
1401895073 28.385603E+0
1401895075 28.394943E+0
1401895077 28.412753E+0
1401895079 28.433684E+0
1401895081 28.442154E+0
1401895083 28.410501E+0
1401895085 28.379104E+0
1401895087 28.368356E+0
1401895089 28.361012E+0
1401895091 28.334707E+0
1401895093 28.319456E+0
1401895095 28.315490E+0
1401895097 28.313238E+0
1401895099 28.308991E+0
1401895102 28.312394E+0
1401895104 28.302773E+0
1401895106 28.297680E+0
1401895108 28.298525E+0
1401895110 28.291462E+0
1401895112 28.286933E+0
1401895114 28.274216E+0
1401895116 28.283274E+0
1401895118 28.273934E+0
1401895120 28.253284E+0
1401895122 28.263468E+0
1401895124 28.246784E+0
1401895126 28.232660E+0
1401895128 28.241692E+0
1401895130 28.269405E+0
1401895132 28.303054E+0
1401895134 28.303617E+0
1401895136 28.325112E+0
1401895138 28.351954E+0
1401895140 28.363264E+0
1401895142 28.385040E+0
1401895144 28.410501E+0
1401895146 28.423219E+0
1401895148 28.425189E+0
1401895150 28.411064E+0
1401895152 28.398628E+0
1401895154 28.407098E+0
1401895156 28.419252E+0
1401895158 28.434810E+0
1401895160 28.443280E+0
1401895162 28.463367E+0
1401895164 28.483710E+0
1401895166 28.483147E+0
1401895168 28.496147E+0
1401895170 28.491080E+0
1401895172 28.478055E+0
1401895174 28.456586E+0
1401895176 28.463649E+0
1401895178 28.469867E+0
1401895180 28.476648E+0
1401895182 28.485706E+0
1401895184 28.489928E+0
1401895186 28.463930E+0
1401895188 28.463086E+0
1401895190 28.489647E+0
1401895192 28.508890E+0
1401895194 28.519918E+0
1401895196 28.523578E+0
1401895198 28.509171E+0
1401895200 28.502672E+0
1401895202 28.517641E+0
1401895204 28.531792E+0
1401895206 28.539136E+0
1401895208 28.563163E+0
1401895210 28.567693E+0
1401895212 28.571659E+0
1401895214 28.582969E+0
1401895216 28.586654E+0
1401895218 28.580410E+0
1401895220 28.586372E+0
1401895222 28.577033E+0
1401895224 28.574755E+0
1401895226 28.579566E+0
1401895228 28.590313E+0
1401895230 28.588343E+0
1401895232 28.587780E+0
1401895234 28.582406E+0
1401895236 28.571940E+0
1401895238 28.583251E+0
1401895240 28.571096E+0
1401895242 28.551290E+0
1401895244 28.531229E+0
1401895246 28.531792E+0
1401895248 28.530947E+0
1401895250 28.522733E+0
1401895252 28.526418E+0
1401895254 28.529258E+0
1401895256 28.521326E+0
1401895258 28.507457E+0
1401895260 28.500113E+0
1401895262 28.494739E+0
1401895264 28.476366E+0
1401895266 28.476648E+0
1401895268 28.476366E+0
1401895270 28.476929E+0
1401895272 28.484836E+0
1401895274 28.473552E+0
1401895276 28.480051E+0
1401895278 28.505768E+0
1401895280 28.517923E+0
1401895282 28.523296E+0
1401895284 28.556382E+0
1401895286 28.572503E+0
1401895288 28.575907E+0
1401895290 28.574755E+0
1401895292 28.570251E+0
1401895294 28.563752E+0
1401895296 28.563752E+0
1401895298 28.547068E+0
1401895300 28.530666E+0
1401895302 28.517923E+0
1401895304 28.498424E+0
1401895306 28.500676E+0
1401895308 28.477774E+0
1401895310 28.470993E+0
1401895312 28.467897E+0
1401895314 28.490491E+0
1401895316 28.495302E+0
1401895318 28.486551E+0
1401895320 28.483992E+0
1401895322 28.480333E+0
1401895324 28.493050E+0
1401895326 28.497298E+0
1401895328 28.486832E+0
1401895330 28.484555E+0
1401895332 28.481740E+0
1401895334 28.483147E+0
1401895336 28.487114E+0
1401895338 28.476085E+0
1401895340 28.479770E+0
1401895342 28.465338E+0
1401895344 28.459401E+0
1401895346 28.464493E+0
1401895348 28.459683E+0
1401895350 28.477492E+0
1401895352 28.483147E+0
1401895354 28.483992E+0
1401895356 28.492487E+0
1401895358 28.486832E+0
1401895360 28.477211E+0
1401895362 28.488521E+0
1401895364 28.476366E+0
1401895366 28.476929E+0
1401895368 28.465619E+0
1401895370 28.458275E+0
1401895372 28.439058E+0
1401895374 28.429437E+0
1401895376 28.412471E+0
1401895378 28.398321E+0
1401895380 28.385322E+0
1401895382 28.374293E+0
1401895384 28.364134E+0
1401895386 28.357891E+0
1401895388 28.361012E+0
1401895390 28.354794E+0
1401895392 28.338392E+0
1401895394 28.326800E+0
1401895396 28.330204E+0
1401895398 28.327926E+0
1401895400 28.322271E+0
1401895402 28.321427E+0
1401895404 28.327926E+0
1401895406 28.325956E+0
1401895408 28.319738E+0
1401895410 28.315490E+0
1401895412 28.316053E+0
1401895414 28.314083E+0
1401895416 28.315772E+0
1401895418 28.312957E+0
1401895420 28.329052E+0
1401895422 28.325112E+0
1401895424 28.317742E+0
1401895426 28.305587E+0
1401895428 28.315490E+0
1401895430 28.323116E+0
1401895432 28.335577E+0
1401895434 28.352824E+0
1401895436 28.348295E+0
1401895438 28.351954E+0
1401895440 28.347450E+0
1401895442 28.341795E+0
1401895444 28.342358E+0
1401895446 28.342358E+0
1401895448 28.340951E+0
1401895450 28.338111E+0
1401895452 28.336985E+0
1401895454 28.359605E+0
1401895456 28.353106E+0
1401895458 28.357328E+0
1401895460 28.361857E+0
1401895462 28.357328E+0
1401895464 28.364134E+0
1401895466 28.372041E+0
1401895468 28.363827E+0
1401895470 28.362420E+0
1401895472 28.370071E+0
1401895474 28.365260E+0
1401895476 28.372886E+0
1401895478 28.381074E+0
1401895480 28.389288E+0
1401895482 28.386448E+0
1401895484 28.397195E+0
1401895486 28.402287E+0
1401895488 28.392103E+0
1401895490 28.377696E+0
1401895492 28.381663E+0
1401895494 28.391821E+0
1401895496 28.402287E+0
1401895498 28.406816E+0
1401895500 28.395788E+0
1401895502 28.435092E+0
1401895504 28.449217E+0
1401895506 28.457994E+0
1401895508 28.465619E+0
1401895510 28.477211E+0
1401895512 28.469585E+0
1401895514 28.473833E+0
1401895516 28.479770E+0
1401895518 28.498142E+0
1401895520 28.515671E+0
1401895522 28.517360E+0
1401895524 28.536039E+0
1401895526 28.552442E+0
1401895528 28.585784E+0
1401895530 28.621429E+0
