1401891443 17.282329E+0
1401891445 17.283736E+0
1401891447 17.283454E+0
1401891449 17.284299E+0
1401891451 17.287114E+0
1401891453 17.287984E+0
1401891455 17.276392E+0
1401891457 17.240185E+0
1401891459 17.173196E+0
1401891461 17.073941E+0
1401891463 16.945029E+0
1401891465 16.791502E+0
1401891467 16.615381E+0
1401891469 16.422833E+0
1401891471 16.218437E+0
1401891473 16.003858E+0
1401891475 15.782191E+0
1401891477 15.555458E+0
1401891479 15.325604E+0
1401891481 15.092064E+0
1401891483 14.858551E+0
1401891485 14.624168E+0
1401891487 14.389785E+0
1401891489 14.155427E+0
1401891491 13.920763E+0
1401891493 13.687788E+0
1401891495 13.455964E+0
1401891497 13.224985E+0
1401891499 12.994569E+0
1401891501 12.765842E+0
1401891503 12.539111E+0
1401891505 12.313480E+0
1401891507 12.089590E+0
1401891509 11.867081E+0
1401891511 11.647413E+0
1401891513 11.427182E+0
1401891515 11.210328E+0
1401891517 10.995471E+0
1401891519 10.782021E+0
1401891521 10.571667E+0
1401891523 10.360187E+0
1401891525 10.152111E+0
1401891527 9.946312E+0
1401891529 9.741306E+0
1401891531 9.538885E+0
1401891533 9.337027E+0
1401891535 9.138572E+0
1401891537 8.940092E+0
1401891539 8.743326E+0
1401891541 8.548531E+0
1401891543 8.356012E+0
1401891545 8.163494E+0
1401891547 7.973791E+0
1401891549 7.784369E+0
1401891551 7.597481E+0
1401891553 7.410899E+0
1401891555 7.226288E+0
1401891557 7.043366E+0
1401891559 6.860725E+0
1401891561 6.679799E+0
1401891563 6.501406E+0
1401891565 6.322450E+0
1401891567 6.145183E+0
1401891569 5.967634E+0
1401891571 5.791519E+0
1401891573 5.618500E+0
1401891575 5.445173E+0
1401891577 5.273306E+0
1401891579 5.103383E+0
1401891581 4.932641E+0
1401891583 4.763000E+0
1401891585 4.595354E+0
1401891587 4.428271E+0
1401891589 4.260882E+0
1401891591 4.096921E+0
1401891593 3.930402E+0
1401891595 3.765853E+0
1401891597 3.602174E+0
1401891599 3.441309E+0
1401891601 3.277912E+0
1401891603 3.117610E+0
1401891605 2.958153E+0
1401891607 2.799285E+0
1401891609 2.642080E+0
1401891611 2.485745E+0
1401891613 2.328565E+0
1401891615 2.174200E+0
1401891617 2.018710E+0
1401891619 1.865497E+0
1401891621 1.712258E+0
1401891623 1.560426E+0
1401891625 1.408620E+0
1401891627 1.257941E+0
1401891629 1.108668E+0
1401891631 958.551111E-3
1401891633 810.685924E-3
1401891635 662.283482E-3
1401891637 515.544235E-3
1401891639 369.393544E-3
1401891641 224.368726E-3
1401891643 80.469779E-3
1401891645 -61.730158E-3
1401891647 -203.932595E-3
1401891649 -346.416423E-3
1401891651 -487.203805E-3
1401891653 -628.559148E-3
1401891655 -767.650026E-3
1401891657 -905.893934E-3
1401891659 -1.045563E+0
1401891661 -1.182960E+0
1401891663 -1.320073E+0
1401891665 -1.456901E+0
1401891667 -1.591752E+0
1401891669 -1.726603E+0
1401891671 -1.862019E+0
1401891673 -1.995458E+0
1401891675 -2.128612E+0
1401891677 -2.259786E+0
1401891679 -2.390678E+0
1401891681 -2.521007E+0
1401891683 -2.650769E+0
1401891685 -2.779681E+0
1401891687 -2.908313E+0
1401891689 -3.035247E+0
1401891691 -3.162465E+0
1401891693 -3.287702E+0
1401891695 -3.413789E+0
1401891697 -3.539027E+0
1401891699 -3.663417E+0
1401891701 -3.786973E+0
1401891703 -3.909386E+0
1401891705 -4.031230E+0
1401891707 -4.152227E+0
1401891709 -4.273790E+0
1401891711 -4.394506E+0
1401891713 -4.514654E+0
1401891715 -4.633673E+0
1401891717 -4.751843E+0
1401891719 -4.869164E+0
1401891721 -4.987052E+0
1401891723 -5.104091E+0
1401891725 -5.219999E+0
1401891727 -5.335342E+0
1401891729 -5.450121E+0
1401891731 -5.564333E+0
1401891733 -5.678544E+0
1401891735 -5.791059E+0
1401891737 -5.903574E+0
1401891739 -6.014395E+0
1401891741 -6.124932E+0
1401891743 -6.234055E+0
1401891745 -6.342895E+0
1401891747 -6.452314E+0
1401891749 -6.560589E+0
1401891751 -6.669427E+0
1401891753 -6.776572E+0
1401891755 -6.884000E+0
1401891757 -6.990578E+0
1401891759 -7.096592E+0
1401891761 -7.200343E+0
1401891763 -7.305507E+0
1401891765 -7.409258E+0
1401891767 -7.513293E+0
1401891769 -7.615914E+0
1401891771 -7.717684E+0
1401891773 -7.819742E+0
1401891775 -7.921231E+0
1401891777 -8.021590E+0
1401891779 -8.122513E+0
1401891781 -8.221459E+0
1401891783 -8.320403E+0
1401891785 -8.417652E+0
1401891787 -8.515183E+0
1401891789 -8.612998E+0
1401891791 -8.710529E+0
1401891793 -8.807497E+0
1401891795 -8.903897E+0
1401891797 -9.000016E+0
1401891799 -9.095582E+0
1401891801 -9.191698E+0
1401891803 -9.286685E+0
1401891805 -9.380826E+0
1401891807 -9.474680E+0
1401891809 -9.567406E+0
1401891811 -9.660981E+0
1401891813 -9.752291E+0
1401891815 -9.844452E+0
1401891817 -9.935199E+0
1401891819 -10.024814E+0
1401891821 -10.116127E+0
1401891823 -10.205460E+0
1401891825 -10.295639E+0
1401891827 -10.382711E+0
1401891829 -10.471762E+0
1401891831 -10.559114E+0
1401891833 -10.645338E+0
1401891835 -10.732128E+0
1401891837 -10.819480E+0
1401891839 -10.905985E+0
1401891841 -10.989948E+0
1401891843 -11.074757E+0
1401891845 -11.157588E+0
1401891847 -11.241550E+0
1401891849 -11.324663E+0
1401891851 -11.408341E+0
1401891853 -11.490041E+0
1401891855 -11.573435E+0
1401891857 -11.654570E+0
1401891859 -11.736567E+0
1401891861 -11.818549E+0
1401891863 -11.899965E+0
1401891865 -11.979403E+0
1401891867 -12.060254E+0
1401891869 -12.138845E+0
1401891871 -12.217153E+0
1401891873 -12.296307E+0
1401891875 -12.373484E+0
1401891877 -12.451791E+0
1401891879 -12.528967E+0
1401891881 -12.605860E+0
1401891883 -12.681340E+0
1401891885 -12.757104E+0
1401891887 -12.833150E+0
1401891889 -12.907780E+0
1401891891 -12.981283E+0
1401891893 -13.057044E+0
1401891895 -13.131959E+0
1401891897 -13.206308E+0
1401891899 -13.280375E+0
1401891901 -13.355006E+0
1401891903 -13.427093E+0
1401891905 -13.498334E+0
1401891907 -13.569572E+0
1401891909 -13.641661E+0
1401891911 -13.713183E+0
1401891913 -13.784140E+0
1401891915 -13.856227E+0
1401891917 -13.925487E+0
1401891919 -13.995878E+0
1401891921 -14.065987E+0
1401891923 -14.135247E+0
1401891925 -14.203376E+0
1401891927 -14.273486E+0
1401891929 -14.340484E+0
1401891931 -14.407784E+0
1401891933 -14.475631E+0
1401891935 -14.542348E+0
1401891937 -14.610193E+0
1401891939 -14.676063E+0
1401891941 -14.742495E+0
1401891943 -14.809777E+0
1401891945 -14.875361E+0
1401891947 -14.939816E+0
1401891949 -15.004836E+0
1401891951 -15.070703E+0
1401891953 -15.134027E+0
1401891955 -15.197069E+0
1401891957 -15.261240E+0
1401891959 -15.325411E+0
1401891961 -15.386473E+0
1401891963 -15.449797E+0
1401891965 -15.511990E+0
1401891967 -15.573336E+0
1401891969 -15.634680E+0
1401891971 -15.696591E+0
1401891973 -15.757935E+0
1401891975 -15.819846E+0
1401891977 -15.880624E+0
1401891979 -15.941121E+0
1401891981 -16.003030E+0
1401891983 -16.062114E+0
1401891985 -16.121196E+0
1401891987 -16.180561E+0
1401891989 -16.239930E+0
1401891991 -16.298446E+0
1401891993 -16.356681E+0
1401891995 -16.413503E+0
1401891997 -16.472303E+0
1401891999 -16.529973E+0
1401892001 -16.587077E+0
1401892003 -16.645311E+0
1401892005 -16.701850E+0
1401892007 -16.758672E+0
1401892009 -16.812949E+0
1401892011 -16.866379E+0
1401892013 -16.921502E+0
1401892015 -16.978040E+0
1401892017 -17.032601E+0
1401892019 -17.086325E+0
1401892021 -17.138624E+0
1401892023 -17.188096E+0
1401892025 -17.230501E+0
1401892027 -17.270925E+0
1401892029 -17.306827E+0
1401892031 -17.336227E+0
1401892033 -17.363930E+0
1401892035 -17.391069E+0
1401892037 -17.417076E+0
1401892039 -17.442518E+0
1401892041 -17.469093E+0
1401892043 -17.497644E+0
1401892045 -17.527893E+0
1401892047 -17.557859E+0
1401892049 -17.590367E+0
1401892051 -17.625422E+0
1401892053 -17.657930E+0
1401892055 -17.692138E+0
1401892057 -17.724365E+0
1401892059 -17.756874E+0
1401892061 -17.788817E+0
1401892063 -17.819913E+0
1401892065 -17.849878E+0
1401892067 -17.879562E+0
1401892069 -17.908962E+0
1401892071 -17.938362E+0
1401892073 -17.965501E+0
1401892075 -17.995750E+0
1401892077 -18.024866E+0
1401892079 -18.054266E+0
1401892081 -18.086493E+0
1401892083 -18.117871E+0
1401892085 -18.149532E+0
1401892087 -18.180063E+0
1401892089 -18.209747E+0
1401892091 -18.238016E+0
1401892093 -18.267416E+0
1401892095 -18.292577E+0
1401892097 -18.317735E+0
1401892099 -18.342330E+0
1401892101 -18.364098E+0
1401892103 -18.386994E+0
1401892105 -18.406218E+0
1401892107 -18.425441E+0
1401892109 -18.442969E+0
1401892111 -18.458233E+0
1401892113 -18.471519E+0
1401892115 -18.485371E+0
1401892117 -18.495831E+0
1401892119 -18.505443E+0
1401892121 -18.511663E+0
1401892123 -18.517598E+0
1401892125 -18.522403E+0
1401892127 -18.525230E+0
1401892129 -18.529754E+0
1401892131 -18.534277E+0
1401892133 -18.539366E+0
1401892135 -18.544737E+0
1401892137 -18.550109E+0
1401892139 -18.556327E+0
1401892141 -18.562546E+0
1401892143 -18.568201E+0
1401892145 -18.574136E+0
1401892147 -18.576964E+0
1401892149 -18.578095E+0
1401892151 -18.582053E+0
1401892153 -18.582899E+0
1401892155 -18.585445E+0
1401892157 -18.585445E+0
1401892159 -18.584030E+0
1401892161 -18.583749E+0
1401892163 -18.584880E+0
1401892165 -18.584030E+0
1401892167 -18.582053E+0
1401892169 -18.578944E+0
1401892171 -18.574702E+0
1401892173 -18.571309E+0
1401892175 -18.566504E+0
1401892177 -18.562830E+0
1401892179 -18.557176E+0
1401892181 -18.553783E+0
1401892183 -18.550956E+0
1401892185 -18.548129E+0
1401892187 -18.545586E+0
1401892189 -18.541909E+0
1401892191 -18.539648E+0
1401892193 -18.538517E+0
1401892195 -18.537951E+0
1401892197 -18.537386E+0
1401892199 -18.534561E+0
1401892201 -18.533146E+0
1401892203 -18.529472E+0
1401892205 -18.526927E+0
1401892207 -18.524665E+0
1401892209 -18.521838E+0
1401892211 -18.517317E+0
1401892213 -18.515337E+0
1401892215 -18.511097E+0
1401892217 -18.506574E+0
1401892219 -18.504596E+0
1401892221 -18.503465E+0
1401892223 -18.503465E+0
1401892225 -18.500919E+0
1401892227 -18.500073E+0
1401892229 -18.501203E+0
1401892231 -18.499223E+0
1401892233 -18.499223E+0
1401892235 -18.497811E+0
1401892237 -18.494984E+0
1401892239 -18.489613E+0
1401892241 -18.483675E+0
1401892243 -18.477174E+0
1401892245 -18.471238E+0
1401892247 -18.466715E+0
1401892249 -18.462473E+0
1401892251 -18.456255E+0
1401892253 -18.454559E+0
1401892255 -18.453144E+0
1401892257 -18.452579E+0
1401892259 -18.452863E+0
1401892261 -18.454275E+0
1401892263 -18.454275E+0
1401892265 -18.455690E+0
1401892267 -18.455125E+0
1401892269 -18.453994E+0
1401892271 -18.452297E+0
1401892273 -18.451448E+0
1401892275 -18.449752E+0
1401892277 -18.448339E+0
1401892279 -18.449470E+0
1401892281 -18.448621E+0
1401892283 -18.446643E+0
1401892285 -18.446362E+0
1401892287 -18.446078E+0
1401892289 -18.446924E+0
1401892291 -18.446078E+0
1401892293 -18.444947E+0
1401892295 -18.444665E+0
1401892297 -18.444665E+0
1401892299 -18.444665E+0
1401892301 -18.444947E+0
1401892303 -18.446924E+0
1401892305 -18.446924E+0
1401892307 -18.445796E+0
1401892309 -18.442969E+0
1401892311 -18.442120E+0
1401892313 -18.440423E+0
1401892315 -18.437880E+0
1401892317 -18.437031E+0
1401892319 -18.433073E+0
1401892321 -18.430248E+0
1401892323 -18.429399E+0
1401892325 -18.425725E+0
1401892327 -18.424028E+0
1401892329 -18.423463E+0
1401892331 -18.423744E+0
1401892333 -18.424310E+0
1401892335 -18.425725E+0
1401892337 -18.429117E+0
1401892339 -18.431942E+0
1401892341 -18.436184E+0
1401892343 -18.440423E+0
1401892345 -18.441838E+0
1401892347 -18.443534E+0
1401892349 -18.441838E+0
1401892351 -18.440142E+0
1401892353 -18.437880E+0
1401892355 -18.434487E+0
1401892357 -18.431660E+0
1401892359 -18.426006E+0
1401892361 -18.421483E+0
1401892363 -18.418939E+0
1401892365 -18.416678E+0
1401892367 -18.415265E+0
1401892369 -18.415265E+0
1401892371 -18.417525E+0
1401892373 -18.421201E+0
1401892375 -18.426571E+0
1401892377 -18.430248E+0
1401892379 -18.432507E+0
1401892381 -18.435900E+0
1401892383 -18.435618E+0
1401892385 -18.435618E+0
1401892387 -18.435618E+0
1401892389 -18.433922E+0
1401892391 -18.433638E+0
1401892393 -18.432791E+0
1401892395 -18.432791E+0
1401892397 -18.432226E+0
1401892399 -18.434204E+0
1401892401 -18.435618E+0
1401892403 -18.436749E+0
1401892405 -18.439576E+0
1401892407 -18.440142E+0
1401892409 -18.442685E+0
1401892411 -18.443250E+0
1401892413 -18.442685E+0
1401892415 -18.444381E+0
1401892417 -18.442404E+0
1401892419 -18.439292E+0
1401892421 -18.439292E+0
1401892423 -18.439011E+0
1401892425 -18.440142E+0
1401892427 -18.441554E+0
1401892429 -18.445796E+0
1401892431 -18.449470E+0
1401892433 -18.451732E+0
1401892435 -18.453428E+0
1401892437 -18.456255E+0
1401892439 -18.457102E+0
1401892441 -18.455971E+0
1401892443 -18.455690E+0
1401892445 -18.453428E+0
1401892447 -18.453710E+0
1401892449 -18.453144E+0
1401892451 -18.452297E+0
1401892453 -18.451448E+0
1401892455 -18.452297E+0
1401892457 -18.451732E+0
1401892459 -18.450036E+0
1401892461 -18.448339E+0
1401892463 -18.446924E+0
1401892465 -18.446924E+0
1401892467 -18.446362E+0
1401892469 -18.447208E+0
1401892471 -18.448055E+0
1401892473 -18.450317E+0
1401892475 -18.455125E+0
1401892477 -18.461060E+0
1401892479 -18.464453E+0
1401892481 -18.469542E+0
1401892483 -18.475196E+0
1401892485 -18.478870E+0
1401892487 -18.481132E+0
1401892489 -18.484240E+0
1401892491 -18.484806E+0
1401892493 -18.484524E+0
1401892495 -18.484806E+0
1401892497 -18.483394E+0
1401892500 -18.479436E+0
1401892502 -18.477739E+0
1401892504 -18.475196E+0
1401892506 -18.475196E+0
1401892508 -18.474631E+0
1401892510 -18.474912E+0
1401892512 -18.476890E+0
1401892514 -18.477174E+0
1401892516 -18.477455E+0
1401892518 -18.478870E+0
1401892520 -18.480848E+0
1401892522 -18.485371E+0
1401892524 -18.488764E+0
1401892526 -18.490744E+0
1401892528 -18.491026E+0
1401892530 -18.490744E+0
1401892532 -18.490179E+0
1401892534 -18.489329E+0
1401892536 -18.488764E+0
1401892538 -18.489613E+0
1401892540 -18.490460E+0
1401892542 -18.492156E+0
1401892544 -18.494418E+0
1401892546 -18.494984E+0
1401892548 -18.496115E+0
1401892550 -18.495831E+0
1401892552 -18.494134E+0
1401892554 -18.492156E+0
1401892556 -18.492722E+0
1401892558 -18.491026E+0
1401892560 -18.490179E+0
1401892562 -18.488764E+0
1401892564 -18.487633E+0
1401892566 -18.484524E+0
1401892568 -18.481413E+0
1401892570 -18.483675E+0
1401892572 -18.481413E+0
1401892574 -18.481697E+0
1401892576 -18.480566E+0
1401892578 -18.483394E+0
1401892580 -18.484524E+0
1401892582 -18.484240E+0
1401892584 -18.486502E+0
1401892586 -18.487352E+0
1401892588 -18.488764E+0
1401892590 -18.490744E+0
1401892592 -18.493003E+0
1401892594 -18.493853E+0
1401892596 -18.496680E+0
1401892598 -18.497527E+0
1401892600 -18.498942E+0
1401892602 -18.501203E+0
1401892604 -18.501485E+0
1401892606 -18.502616E+0
1401892608 -18.504596E+0
1401892610 -18.506855E+0
1401892612 -18.508551E+0
1401892614 -18.509966E+0
1401892616 -18.512509E+0
1401892618 -18.515055E+0
1401892620 -18.516752E+0
1401892622 -18.520710E+0
1401892624 -18.523534E+0
1401892626 -18.526361E+0
1401892628 -18.528058E+0
1401892630 -18.529188E+0
1401892632 -18.526645E+0
1401892634 -18.522969E+0
1401892636 -18.519013E+0
1401892638 -18.514771E+0
1401892640 -18.510532E+0
1401892642 -18.506008E+0
1401892644 -18.501203E+0
1401892646 -18.497527E+0
1401892648 -18.496115E+0
1401892650 -18.496680E+0
1401892652 -18.498942E+0
1401892654 -18.501769E+0
1401892656 -18.507139E+0
1401892658 -18.513075E+0
1401892660 -18.516186E+0
1401892662 -18.520710E+0
1401892664 -18.524100E+0
1401892666 -18.527211E+0
1401892668 -18.529188E+0
1401892670 -18.530038E+0
1401892672 -18.529188E+0
1401892674 -18.527776E+0
1401892676 -18.526927E+0
1401892678 -18.523253E+0
1401892680 -18.519013E+0
1401892682 -18.514490E+0
1401892684 -18.510813E+0
1401892686 -18.507705E+0
1401892688 -18.505727E+0
1401892690 -18.504312E+0
1401892692 -18.506008E+0
1401892694 -18.509117E+0
1401892696 -18.512509E+0
1401892698 -18.517317E+0
1401892700 -18.522122E+0
1401892702 -18.527776E+0
1401892704 -18.532300E+0
1401892706 -18.537951E+0
1401892708 -18.544737E+0
1401892710 -18.548129E+0
1401892712 -18.550391E+0
1401892714 -18.550956E+0
1401892716 -18.548695E+0
1401892718 -18.544455E+0
1401892720 -18.539082E+0
1401892722 -18.535692E+0
1401892724 -18.531169E+0
1401892726 -18.527211E+0
1401892728 -18.523534E+0
1401892730 -18.524949E+0
1401892732 -18.527211E+0
1401892734 -18.529472E+0
1401892736 -18.530885E+0
1401892738 -18.534277E+0
1401892740 -18.537105E+0
1401892742 -18.539932E+0
1401892744 -18.541063E+0
1401892746 -18.541344E+0
1401892748 -18.541063E+0
1401892750 -18.543040E+0
1401892752 -18.541909E+0
1401892754 -18.539932E+0
1401892756 -18.539932E+0
1401892758 -18.538517E+0
1401892760 -18.538517E+0
1401892762 -18.539082E+0
1401892764 -18.540497E+0
1401892766 -18.544171E+0
1401892768 -18.547282E+0
1401892770 -18.550109E+0
1401892772 -18.551803E+0
1401892774 -18.552087E+0
1401892776 -18.555196E+0
1401892778 -18.557458E+0
1401892780 -18.558023E+0
1401892782 -18.559154E+0
1401892784 -18.559154E+0
1401892786 -18.560569E+0
1401892788 -18.561981E+0
1401892790 -18.565658E+0
1401892792 -18.566786E+0
1401892794 -18.567917E+0
1401892796 -18.567070E+0
1401892798 -18.568482E+0
1401892800 -18.567917E+0
1401892802 -18.565374E+0
1401892804 -18.562830E+0
1401892806 -18.559438E+0
1401892808 -18.557458E+0
1401892810 -18.555480E+0
1401892812 -18.557176E+0
1401892814 -18.556611E+0
1401892816 -18.558588E+0
1401892818 -18.561416E+0
1401892820 -18.564243E+0
1401892822 -18.565374E+0
1401892824 -18.564527E+0
1401892826 -18.564243E+0
1401892828 -18.565658E+0
1401892830 -18.567917E+0
1401892832 -18.569613E+0
1401892834 -18.572159E+0
1401892836 -18.573006E+0
1401892838 -18.571875E+0
1401892840 -18.571875E+0
1401892842 -18.570744E+0
1401892844 -18.568482E+0
1401892846 -18.566223E+0
1401892848 -18.562830E+0
1401892850 -18.556892E+0
1401892852 -18.555480E+0
1401892854 -18.553783E+0
1401892856 -18.554065E+0
1401892858 -18.555761E+0
1401892860 -18.558872E+0
1401892862 -18.560569E+0
1401892864 -18.566786E+0
1401892866 -18.569613E+0
1401892868 -18.571309E+0
1401892870 -18.574420E+0
1401892872 -18.573855E+0
1401892874 -18.574136E+0
1401892876 -18.571593E+0
1401892878 -18.570178E+0
1401892880 -18.569048E+0
1401892882 -18.567635E+0
1401892884 -18.565658E+0
1401892886 -18.566223E+0
1401892888 -18.564808E+0
1401892890 -18.565939E+0
1401892892 -18.563677E+0
1401892894 -18.565374E+0
1401892896 -18.567070E+0
1401892898 -18.566223E+0
1401892900 -18.567351E+0
1401892902 -18.568201E+0
1401892904 -18.567917E+0
1401892906 -18.569332E+0
1401892908 -18.572440E+0
1401892910 -18.573290E+0
1401892912 -18.575267E+0
1401892914 -18.578095E+0
1401892916 -18.579791E+0
1401892918 -18.583465E+0
1401892920 -18.585727E+0
1401892922 -18.586857E+0
1401892924 -18.588554E+0
1401892926 -18.589403E+0
1401892928 -18.589119E+0
1401892930 -18.586857E+0
1401892932 -18.586011E+0
1401892934 -18.582053E+0
1401892936 -18.576964E+0
1401892938 -18.573571E+0
1401892940 -18.570178E+0
1401892942 -18.567635E+0
1401892944 -18.566504E+0
1401892946 -18.566786E+0
1401892948 -18.566786E+0
1401892950 -18.568482E+0
1401892952 -18.571593E+0
1401892954 -18.574136E+0
1401892956 -18.578095E+0
1401892958 -18.582053E+0
1401892960 -18.586857E+0
1401892962 -18.589969E+0
1401892964 -18.593361E+0
1401892966 -18.594773E+0
1401892968 -18.597601E+0
1401892970 -18.597317E+0
1401892972 -18.597601E+0
1401892974 -18.601559E+0
1401892976 -18.602406E+0
1401892978 -18.601559E+0
1401892980 -18.599578E+0
1401892982 -18.597601E+0
1401892984 -18.594492E+0
1401892986 -18.592512E+0
1401892988 -18.590250E+0
1401892990 -18.590250E+0
1401892992 -18.587141E+0
1401892994 -18.590250E+0
1401892996 -18.591381E+0
1401892998 -18.593361E+0
1401893000 -18.595904E+0
1401893002 -18.599297E+0
1401893004 -18.600144E+0
1401893006 -18.600428E+0
1401893008 -18.603820E+0
1401893010 -18.600144E+0
1401893012 -18.601275E+0
1401893014 -18.599862E+0
1401893016 -18.597035E+0
1401893018 -18.593927E+0
1401893020 -18.590815E+0
1401893022 -18.589685E+0
1401893024 -18.591099E+0
1401893026 -18.591099E+0
1401893028 -18.591946E+0
1401893030 -18.594208E+0
1401893032 -18.595623E+0
1401893034 -18.597882E+0
1401893036 -18.601275E+0
1401893038 -18.600428E+0
1401893040 -18.600428E+0
1401893042 -18.602124E+0
1401893044 -18.602406E+0
1401893046 -18.600993E+0
1401893048 -18.603820E+0
1401893050 -18.602690E+0
1401893052 -18.598448E+0
1401893054 -18.593643E+0
1401893056 -18.592796E+0
1401893058 -18.589685E+0
1401893060 -18.589685E+0
1401893062 -18.589685E+0
1401893064 -18.591381E+0
1401893066 -18.591665E+0
1401893068 -18.593643E+0
1401893070 -18.597035E+0
1401893072 -18.600709E+0
1401893074 -18.601840E+0
1401893076 -18.601559E+0
1401893078 -18.600144E+0
1401893080 -18.600428E+0
1401893082 -18.601275E+0
1401893084 -18.603536E+0
1401893086 -18.605798E+0
1401893088 -18.606648E+0
1401893090 -18.608060E+0
1401893092 -18.607213E+0
1401893094 -18.608060E+0
1401893096 -18.608344E+0
1401893098 -18.611734E+0
1401893100 -18.612865E+0
1401893102 -18.615126E+0
1401893104 -18.617107E+0
1401893106 -18.616541E+0
1401893108 -18.617672E+0
1401893110 -18.619369E+0
1401893112 -18.619650E+0
1401893114 -18.620215E+0
1401893116 -18.616823E+0
1401893118 -18.616257E+0
1401893120 -18.615126E+0
1401893122 -18.614561E+0
1401893124 -18.613714E+0
1401893126 -18.614280E+0
1401893128 -18.614845E+0
1401893130 -18.616541E+0
1401893132 -18.618238E+0
1401893134 -18.619650E+0
1401893136 -18.619934E+0
1401893138 -18.620781E+0
1401893140 -18.621065E+0
1401893142 -18.621630E+0
1401893144 -18.623043E+0
1401893146 -18.624173E+0
1401893148 -18.624173E+0
1401893150 -18.622761E+0
1401893152 -18.621065E+0
1401893154 -18.620499E+0
1401893156 -18.620215E+0
1401893158 -18.618803E+0
1401893160 -18.619085E+0
1401893162 -18.619934E+0
1401893164 -18.619369E+0
1401893166 -18.616823E+0
1401893168 -18.616257E+0
1401893170 -18.617672E+0
1401893172 -18.620781E+0
1401893174 -18.623892E+0
1401893176 -18.626435E+0
1401893178 -18.629544E+0
1401893180 -18.631524E+0
1401893182 -18.630675E+0
1401893184 -18.632089E+0
1401893186 -18.632371E+0
1401893188 -18.631805E+0
1401893190 -18.632655E+0
1401893192 -18.633220E+0
1401893194 -18.635763E+0
1401893196 -18.638309E+0
1401893198 -18.639156E+0
1401893200 -18.642265E+0
1401893202 -18.643114E+0
1401893204 -18.640005E+0
1401893206 -18.638591E+0
1401893208 -18.636329E+0
1401893210 -18.632936E+0
1401893212 -18.631805E+0
1401893214 -18.631240E+0
1401893216 -18.629544E+0
1401893218 -18.628131E+0
1401893220 -18.629828E+0
1401893222 -18.632371E+0
1401893224 -18.632089E+0
1401893226 -18.630959E+0
1401893228 -18.630675E+0
1401893230 -18.633220E+0
1401893232 -18.636047E+0
1401893234 -18.637460E+0
1401893236 -18.639722E+0
1401893238 -18.640571E+0
1401893240 -18.640287E+0
1401893242 -18.641136E+0
1401893244 -18.639440E+0
1401893246 -18.638309E+0
1401893248 -18.638025E+0
1401893250 -18.636329E+0
1401893252 -18.635763E+0
1401893254 -18.631524E+0
1401893256 -18.630393E+0
1401893258 -18.629828E+0
1401893260 -18.628697E+0
1401893262 -18.626717E+0
1401893264 -18.625304E+0
1401893266 -18.626154E+0
1401893268 -18.628131E+0
1401893270 -18.630959E+0
1401893272 -18.633786E+0
1401893274 -18.634351E+0
1401893276 -18.636047E+0
1401893278 -18.637744E+0
1401893280 -18.638309E+0
1401893282 -18.638875E+0
1401893284 -18.636047E+0
1401893286 -18.634917E+0
1401893288 -18.633220E+0
1401893290 -18.630675E+0
1401893292 -18.628413E+0
1401893294 -18.627566E+0
1401893296 -18.626435E+0
1401893298 -18.628697E+0
1401893300 -18.632371E+0
1401893302 -18.633220E+0
1401893304 -18.634633E+0
1401893306 -18.638309E+0
1401893308 -18.641699E+0
1401893310 -18.646507E+0
1401893312 -18.648203E+0
1401893314 -18.651030E+0
1401893316 -18.654139E+0
1401893318 -18.656400E+0
1401893320 -18.656400E+0
1401893322 -18.656966E+0
1401893324 -18.656966E+0
1401893326 -18.656400E+0
1401893328 -18.652161E+0
1401893330 -18.648768E+0
1401893332 -18.643680E+0
1401893334 -18.641418E+0
1401893336 -18.638309E+0
1401893338 -18.638309E+0
1401893340 -18.636047E+0
1401893342 -18.636047E+0
1401893344 -18.634633E+0
1401893346 -18.636047E+0
1401893348 -18.636894E+0
1401893350 -18.636047E+0
1401893352 -18.636894E+0
1401893354 -18.636047E+0
1401893356 -18.637744E+0
1401893358 -18.638875E+0
1401893360 -18.637178E+0
1401893362 -18.641699E+0
1401893364 -18.643680E+0
1401893366 -18.645092E+0
1401893368 -18.646223E+0
1401893370 -18.647919E+0
1401893372 -18.648203E+0
1401893374 -18.648484E+0
1401893376 -18.649050E+0
1401893378 -18.651030E+0
1401893380 -18.652442E+0
1401893382 -18.652161E+0
1401893384 -18.652442E+0
1401893386 -18.653008E+0
1401893388 -18.652726E+0
1401893390 -18.649899E+0
1401893392 -18.647919E+0
1401893394 -18.646788E+0
1401893396 -18.643961E+0
1401893398 -18.640852E+0
1401893400 -18.640287E+0
1401893402 -18.639722E+0
1401893404 -18.638875E+0
1401893406 -18.639156E+0
1401893408 -18.640852E+0
1401893410 -18.645657E+0
1401893412 -18.650465E+0
1401893414 -18.657247E+0
1401893416 -18.662620E+0
1401893418 -18.668556E+0
1401893420 -18.675057E+0
1401893422 -18.678450E+0
1401893424 -18.680146E+0
1401893426 -18.681561E+0
1401893428 -18.680430E+0
1401893430 -18.678450E+0
1401893432 -18.678450E+0
1401893434 -18.673079E+0
1401893436 -18.666013E+0
1401893438 -18.662620E+0
1401893440 -18.654423E+0
1401893442 -18.653008E+0
1401893444 -18.647919E+0
1401893446 -18.643961E+0
1401893448 -18.640005E+0
1401893450 -18.639722E+0
1401893452 -18.640287E+0
1401893454 -18.639440E+0
1401893456 -18.645376E+0
1401893458 -18.646507E+0
1401893460 -18.651596E+0
1401893462 -18.654139E+0
1401893464 -18.658097E+0
1401893466 -18.661205E+0
1401893468 -18.664882E+0
1401893470 -18.662336E+0
1401893472 -18.660924E+0
1401893474 -18.658097E+0
1401893476 -18.656119E+0
1401893478 -18.654139E+0
1401893480 -18.656682E+0
1401893482 -18.656400E+0
1401893484 -18.657531E+0
1401893486 -18.659228E+0
1401893488 -18.660924E+0
1401893490 -18.660358E+0
1401893492 -18.659228E+0
1401893494 -18.660640E+0
1401893496 -18.661205E+0
1401893498 -18.660074E+0
1401893500 -18.660074E+0
1401893502 -18.661489E+0
1401893504 -18.659793E+0
1401893506 -18.660074E+0
1401893508 -18.659793E+0
1401893510 -18.656966E+0
1401893512 -18.657247E+0
1401893514 -18.657531E+0
1401893516 -18.658662E+0
1401893518 -18.657247E+0
1401893520 -18.655835E+0
1401893522 -18.655835E+0
1401893524 -18.658944E+0
1401893526 -18.660358E+0
1401893528 -18.660640E+0
1401893530 -18.663186E+0
1401893532 -18.666578E+0
1401893534 -18.667425E+0
1401893536 -18.669687E+0
1401893538 -18.672795E+0
1401893540 -18.673645E+0
1401893542 -18.675057E+0
1401893544 -18.675623E+0
1401893546 -18.675623E+0
1401893548 -18.675057E+0
1401893550 -18.673079E+0
1401893552 -18.672514E+0
1401893554 -18.668556E+0
1401893556 -18.665163E+0
1401893558 -18.661205E+0
1401893560 -18.659793E+0
1401893562 -18.657247E+0
1401893564 -18.656966E+0
1401893566 -18.657813E+0
1401893568 -18.661489E+0
1401893570 -18.666013E+0
1401893572 -18.671383E+0
1401893574 -18.677603E+0
1401893576 -18.682692E+0
1401893578 -18.685519E+0
1401893580 -18.685800E+0
1401893582 -18.684954E+0
1401893584 -18.686084E+0
1401893586 -18.683823E+0
1401893588 -18.680711E+0
1401893590 -18.678734E+0
1401893592 -18.673079E+0
1401893594 -18.669971E+0
1401893596 -18.664598E+0
1401893598 -18.660640E+0
1401893600 -18.656966E+0
1401893602 -18.654139E+0
1401893604 -18.650181E+0
1401893606 -18.651030E+0
1401893608 -18.654423E+0
1401893610 -18.659509E+0
1401893612 -18.663751E+0
1401893614 -18.668275E+0
1401893616 -18.673079E+0
1401893618 -18.675907E+0
1401893620 -18.680711E+0
1401893622 -18.685235E+0
1401893624 -18.685800E+0
1401893626 -18.687213E+0
1401893628 -18.687497E+0
1401893630 -18.688344E+0
1401893632 -18.687213E+0
1401893634 -18.685800E+0
1401893636 -18.681277E+0
1401893638 -18.679865E+0
1401893640 -18.679299E+0
1401893642 -18.675623E+0
1401893644 -18.671949E+0
1401893646 -18.669121E+0
1401893648 -18.667991E+0
1401893650 -18.666860E+0
1401893652 -18.666013E+0
1401893654 -18.666860E+0
1401893656 -18.667709E+0
1401893658 -18.670252E+0
1401893660 -18.672795E+0
1401893662 -18.678734E+0
1401893664 -18.679581E+0
1401893666 -18.683539E+0
1401893668 -18.684388E+0
1401893670 -18.683823E+0
1401893672 -18.679299E+0
1401893674 -18.674210E+0
1401893676 -18.674210E+0
1401893678 -18.671949E+0
1401893680 -18.669687E+0
1401893682 -18.669687E+0
1401893684 -18.672514E+0
1401893686 -18.674492E+0
1401893688 -18.676188E+0
1401893690 -18.678734E+0
1401893692 -18.679299E+0
1401893694 -18.681561E+0
1401893696 -18.680146E+0
1401893698 -18.680146E+0
1401893700 -18.679865E+0
1401893702 -18.681277E+0
1401893704 -18.682408E+0
1401893706 -18.683539E+0
1401893708 -18.682973E+0
1401893710 -18.682692E+0
1401893712 -18.681842E+0
1401893714 -18.681277E+0
1401893716 -18.682973E+0
1401893718 -18.684954E+0
1401893720 -18.686366E+0
1401893722 -18.688062E+0
1401893724 -18.689758E+0
1401893726 -18.689758E+0
1401893728 -18.690324E+0
1401893730 -18.690605E+0
1401893732 -18.691171E+0
1401893734 -18.691455E+0
1401893736 -18.689193E+0
1401893738 -18.688344E+0
1401893740 -18.690040E+0
1401893742 -18.690040E+0
1401893744 -18.688628E+0
1401893746 -18.688628E+0
1401893748 -18.687497E+0
1401893750 -18.686366E+0
1401893752 -18.684670E+0
1401893754 -18.683539E+0
1401893756 -18.681561E+0
1401893758 -18.680711E+0
1401893760 -18.678168E+0
1401893762 -18.675057E+0
1401893764 -18.675341E+0
1401893766 -18.676753E+0
1401893768 -18.678168E+0
1401893770 -18.680430E+0
1401893772 -18.683257E+0
1401893774 -18.685235E+0
1401893776 -18.685800E+0
1401893778 -18.686647E+0
1401893780 -18.687497E+0
1401893782 -18.689474E+0
1401893784 -18.689193E+0
1401893786 -18.689758E+0
1401893789 -18.689193E+0
1401893791 -18.690889E+0
1401893793 -18.687497E+0
1401893795 -18.686647E+0
1401893797 -18.683257E+0
1401893799 -18.680430E+0
1401893801 -18.680146E+0
1401893803 -18.679015E+0
1401893805 -18.680711E+0
1401893807 -18.683539E+0
1401893809 -18.682973E+0
1401893811 -18.683539E+0
1401893813 -18.683539E+0
1401893815 -18.684670E+0
1401893817 -18.686931E+0
1401893819 -18.688062E+0
1401893821 -18.689758E+0
1401893823 -18.690889E+0
1401893825 -18.688909E+0
1401893827 -18.687497E+0
1401893829 -18.685235E+0
1401893831 -18.685519E+0
1401893833 -18.686366E+0
1401893835 -18.687778E+0
1401893837 -18.690605E+0
1401893839 -18.695129E+0
1401893841 -18.698240E+0
1401893843 -18.701067E+0
1401893845 -18.704457E+0
1401893847 -18.704741E+0
1401893849 -18.705588E+0
1401893851 -18.708415E+0
1401893853 -18.707850E+0
1401893855 -18.707568E+0
1401893857 -18.709265E+0
1401893859 -18.710677E+0
1401893861 -18.710111E+0
1401893863 -18.707568E+0
1401893865 -18.708134E+0
1401893867 -18.707284E+0
1401893869 -18.701914E+0
1401893871 -18.695413E+0
1401893873 -18.691455E+0
1401893875 -18.686366E+0
1401893877 -18.683257E+0
1401893879 -18.681561E+0
1401893881 -18.681561E+0
1401893883 -18.681842E+0
1401893885 -18.682692E+0
1401893887 -18.685519E+0
1401893889 -18.686647E+0
1401893891 -18.692867E+0
1401893893 -18.697390E+0
1401893895 -18.700783E+0
1401893897 -18.705023E+0
1401893899 -18.706719E+0
1401893901 -18.709265E+0
1401893903 -18.708981E+0
1401893905 -18.709830E+0
1401893907 -18.708699E+0
1401893909 -18.705588E+0
1401893911 -18.700218E+0
1401893913 -18.695413E+0
1401893915 -18.690889E+0
1401893917 -18.688062E+0
1401893919 -18.686647E+0
1401893921 -18.685800E+0
1401893923 -18.687213E+0
1401893925 -18.688344E+0
1401893927 -18.689193E+0
1401893929 -18.690605E+0
1401893931 -18.690324E+0
1401893933 -18.692586E+0
1401893935 -18.693998E+0
1401893937 -18.695694E+0
1401893939 -18.697390E+0
1401893941 -18.698805E+0
1401893943 -18.703045E+0
1401893945 -18.706437E+0
1401893947 -18.712373E+0
1401893949 -18.711808E+0
1401893951 -18.712657E+0
1401893953 -18.711808E+0
1401893955 -18.709265E+0
1401893957 -18.706719E+0
1401893959 -18.705872E+0
1401893961 -18.706437E+0
1401893963 -18.706719E+0
1401893965 -18.704741E+0
1401893967 -18.703326E+0
1401893969 -18.700218E+0
1401893971 -18.697390E+0
1401893973 -18.692586E+0
1401893975 -18.688628E+0
1401893977 -18.685235E+0
1401893979 -18.684954E+0
1401893981 -18.686931E+0
1401893983 -18.688628E+0
1401893985 -18.691171E+0
1401893987 -18.695694E+0
1401893989 -18.700783E+0
1401893991 -18.704176E+0
1401893993 -18.708415E+0
1401893995 -18.711808E+0
1401893997 -18.710395E+0
1401893999 -18.708699E+0
1401894001 -18.706437E+0
1401894003 -18.703892E+0
1401894005 -18.701348E+0
1401894007 -18.698805E+0
1401894009 -18.695129E+0
1401894011 -18.692867E+0
1401894013 -18.689474E+0
1401894015 -18.687778E+0
1401894017 -18.687778E+0
1401894019 -18.685800E+0
1401894021 -18.685800E+0
1401894023 -18.685800E+0
1401894025 -18.687213E+0
1401894027 -18.692302E+0
1401894029 -18.696260E+0
1401894031 -18.699652E+0
1401894033 -18.701067E+0
1401894035 -18.705306E+0
1401894037 -18.706153E+0
1401894039 -18.708415E+0
1401894041 -18.710961E+0
1401894043 -18.710677E+0
1401894045 -18.708415E+0
1401894047 -18.706719E+0
1401894049 -18.704741E+0
1401894051 -18.702761E+0
1401894053 -18.700783E+0
1401894055 -18.699087E+0
1401894057 -18.700218E+0
1401894059 -18.701067E+0
1401894061 -18.699936E+0
1401894063 -18.697956E+0
1401894065 -18.697390E+0
1401894067 -18.695694E+0
1401894069 -18.695129E+0
1401894071 -18.695978E+0
1401894073 -18.698521E+0
1401894075 -18.700502E+0
1401894077 -18.702761E+0
1401894079 -18.706153E+0
1401894081 -18.707568E+0
1401894083 -18.709830E+0
1401894085 -18.708699E+0
1401894087 -18.709830E+0
1401894089 -18.708699E+0
1401894091 -18.707284E+0
1401894093 -18.706719E+0
1401894095 -18.708699E+0
1401894097 -18.708981E+0
1401894099 -18.709265E+0
1401894101 -18.708981E+0
1401894103 -18.707850E+0
1401894105 -18.708699E+0
1401894107 -18.708415E+0
1401894109 -18.706153E+0
1401894111 -18.705023E+0
1401894113 -18.703892E+0
1401894115 -18.701632E+0
1401894117 -18.702479E+0
1401894119 -18.701067E+0
1401894121 -18.705023E+0
1401894123 -18.706719E+0
1401894125 -18.707850E+0
1401894127 -18.706719E+0
1401894129 -18.704176E+0
1401894131 -18.704741E+0
1401894133 -18.700783E+0
1401894135 -18.700218E+0
1401894137 -18.699936E+0
1401894139 -18.700218E+0
1401894141 -18.699087E+0
1401894143 -18.698805E+0
1401894145 -18.699371E+0
1401894147 -18.701632E+0
1401894149 -18.701348E+0
1401894151 -18.702195E+0
1401894153 -18.704741E+0
1401894155 -18.707850E+0
1401894157 -18.710395E+0
1401894159 -18.714353E+0
1401894161 -18.716050E+0
1401894163 -18.718309E+0
1401894165 -18.719158E+0
1401894167 -18.723963E+0
1401894169 -18.723116E+0
1401894171 -18.720571E+0
1401894173 -18.717743E+0
1401894175 -18.714635E+0
1401894177 -18.710111E+0
1401894179 -18.707003E+0
1401894181 -18.703045E+0
1401894183 -18.699087E+0
1401894185 -18.698805E+0
1401894187 -18.696825E+0
1401894189 -18.696825E+0
1401894191 -18.698240E+0
1401894193 -18.699936E+0
1401894195 -18.702195E+0
1401894197 -18.703892E+0
1401894199 -18.705872E+0
1401894201 -18.707850E+0
1401894203 -18.708981E+0
1401894205 -18.713223E+0
1401894207 -18.716331E+0
1401894209 -18.716615E+0
1401894211 -18.717743E+0
1401894213 -18.716331E+0
1401894215 -18.715200E+0
1401894217 -18.712092E+0
1401894219 -18.708981E+0
1401894221 -18.706437E+0
1401894223 -18.707284E+0
1401894225 -18.707284E+0
1401894227 -18.706437E+0
1401894229 -18.706437E+0
1401894231 -18.709830E+0
1401894233 -18.710677E+0
1401894235 -18.712373E+0
1401894237 -18.714635E+0
1401894239 -18.715200E+0
1401894241 -18.714635E+0
1401894243 -18.714069E+0
1401894245 -18.714069E+0
1401894247 -18.713504E+0
1401894249 -18.710961E+0
1401894251 -18.710677E+0
1401894253 -18.708699E+0
1401894255 -18.707284E+0
1401894257 -18.707568E+0
1401894259 -18.709546E+0
1401894261 -18.709265E+0
1401894263 -18.705306E+0
1401894265 -18.708415E+0
1401894267 -18.710111E+0
1401894269 -18.705306E+0
1401894271 -18.705588E+0
1401894273 -18.704176E+0
1401894275 -18.703892E+0
1401894277 -18.700783E+0
1401894279 -18.705306E+0
1401894281 -18.706719E+0
1401894283 -18.709830E+0
1401894285 -18.712092E+0
1401894287 -18.711242E+0
1401894289 -18.708981E+0
1401894291 -18.709265E+0
1401894293 -18.706153E+0
1401894295 -18.707284E+0
1401894297 -18.706437E+0
1401894299 -18.706437E+0
1401894301 -18.709830E+0
1401894303 -18.707568E+0
1401894305 -18.710111E+0
1401894307 -18.707003E+0
1401894309 -18.706153E+0
1401894311 -18.708699E+0
1401894313 -18.709265E+0
1401894315 -18.710395E+0
1401894317 -18.712373E+0
1401894319 -18.711526E+0
1401894321 -18.713223E+0
1401894323 -18.715200E+0
1401894325 -18.717743E+0
1401894327 -18.721701E+0
1401894329 -18.723682E+0
1401894331 -18.724529E+0
1401894333 -18.725943E+0
1401894335 -18.727356E+0
1401894337 -18.727921E+0
1401894339 -18.727356E+0
1401894341 -18.726790E+0
1401894343 -18.725378E+0
1401894345 -18.723963E+0
1401894347 -18.721420E+0
1401894349 -18.718027E+0
1401894351 -18.712939E+0
1401894353 -18.712939E+0
1401894355 -18.711526E+0
1401894357 -18.709546E+0
1401894359 -18.709265E+0
1401894361 -18.710677E+0
1401894363 -18.709265E+0
1401894365 -18.709830E+0
1401894367 -18.712092E+0
1401894369 -18.714069E+0
1401894371 -18.713223E+0
1401894373 -18.713504E+0
1401894375 -18.712939E+0
1401894377 -18.712373E+0
1401894379 -18.714069E+0
1401894381 -18.713788E+0
1401894383 -18.715766E+0
1401894385 -18.715766E+0
1401894387 -18.717743E+0
1401894389 -18.720005E+0
1401894391 -18.721136E+0
1401894393 -18.720855E+0
1401894395 -18.719440E+0
1401894397 -18.717462E+0
1401894399 -18.717178E+0
1401894401 -18.715200E+0
1401894403 -18.715766E+0
1401894405 -18.716615E+0
1401894407 -18.713223E+0
1401894409 -18.713788E+0
1401894411 -18.715200E+0
1401894413 -18.714919E+0
1401894415 -18.712092E+0
1401894417 -18.712939E+0
1401894419 -18.714353E+0
1401894421 -18.718027E+0
1401894423 -18.716897E+0
1401894425 -18.714919E+0
1401894427 -18.716897E+0
1401894429 -18.715484E+0
1401894431 -18.712092E+0
1401894433 -18.710111E+0
1401894435 -18.703326E+0
1401894437 -18.703892E+0
1401894439 -18.707568E+0
1401894441 -18.714069E+0
1401894443 -18.710395E+0
1401894445 -18.709830E+0
1401894447 -18.712939E+0
1401894449 -18.712092E+0
1401894451 -18.712939E+0
1401894453 -18.711526E+0
1401894455 -18.711526E+0
1401894457 -18.710111E+0
1401894459 -18.703892E+0
1401894461 -18.714635E+0
1401894463 -18.715200E+0
1401894465 -18.716050E+0
1401894467 -18.722832E+0
1401894469 -18.725943E+0
1401894471 -18.727921E+0
1401894473 -18.725094E+0
1401894475 -18.726509E+0
1401894477 -18.723682E+0
1401894479 -18.721701E+0
1401894481 -18.716050E+0
1401894483 -18.712373E+0
1401894485 -18.710961E+0
1401894487 -18.708134E+0
1401894489 -18.704457E+0
1401894491 -18.699652E+0
1401894493 -18.700218E+0
1401894495 -18.701914E+0
1401894497 -18.702479E+0
1401894499 -18.706719E+0
1401894501 -18.710395E+0
1401894503 -18.711808E+0
1401894505 -18.715484E+0
1401894507 -18.720289E+0
1401894509 -18.723398E+0
1401894511 -18.728205E+0
1401894513 -18.733857E+0
1401894515 -18.738099E+0
1401894517 -18.738099E+0
1401894519 -18.740361E+0
1401894521 -18.744319E+0
1401894523 -18.737250E+0
1401894525 -18.734422E+0
1401894527 -18.733292E+0
1401894529 -18.732445E+0
1401894531 -18.725943E+0
1401894533 -18.727640E+0
1401894535 -18.722832E+0
1401894537 -18.718027E+0
1401894539 -18.716331E+0
1401894541 -18.713788E+0
1401894543 -18.705588E+0
1401894545 -18.707003E+0
1401894547 -18.699936E+0
1401894549 -18.712373E+0
1401894551 -18.716897E+0
1401894553 -18.721420E+0
1401894555 -18.723398E+0
1401894557 -18.729336E+0
1401894559 -18.732161E+0
1401894561 -18.731032E+0
1401894563 -18.732726E+0
1401894565 -18.734706E+0
1401894567 -18.732161E+0
1401894569 -18.731032E+0
1401894571 -18.733292E+0
1401894573 -18.732161E+0
1401894575 -18.728205E+0
1401894577 -18.730467E+0
1401894579 -18.727921E+0
1401894581 -18.730183E+0
1401894583 -18.729902E+0
1401894585 -18.727356E+0
1401894587 -18.722832E+0
1401894589 -18.716331E+0
1401894591 -18.716897E+0
1401894593 -18.712373E+0
1401894595 -18.711808E+0
1401894597 -18.712939E+0
1401894599 -18.714919E+0
1401894601 -18.711808E+0
1401894603 -18.715200E+0
1401894605 -18.717743E+0
1401894607 -18.718593E+0
1401894609 -18.721420E+0
1401894611 -18.723398E+0
1401894613 -18.727356E+0
1401894615 -18.727640E+0
1401894617 -18.726790E+0
1401894619 -18.726225E+0
1401894621 -18.724529E+0
1401894623 -18.725943E+0
1401894625 -18.724529E+0
1401894627 -18.723963E+0
1401894629 -18.724529E+0
1401894631 -18.725094E+0
1401894633 -18.726790E+0
1401894635 -18.727921E+0
1401894637 -18.728487E+0
1401894639 -18.729902E+0
1401894641 -18.726790E+0
1401894643 -18.726225E+0
1401894645 -18.723963E+0
1401894647 -18.726509E+0
1401894649 -18.723682E+0
1401894651 -18.721420E+0
1401894653 -18.723682E+0
1401894655 -18.725094E+0
1401894657 -18.723963E+0
1401894659 -18.720855E+0
1401894661 -18.715766E+0
1401894663 -18.717462E+0
1401894665 -18.717743E+0
1401894667 -18.712657E+0
1401894669 -18.706437E+0
1401894671 -18.703326E+0
1401894673 -18.703610E+0
1401894675 -18.707284E+0
1401894677 -18.710111E+0
1401894679 -18.713504E+0
1401894681 -18.720571E+0
1401894683 -18.718874E+0
1401894685 -18.716615E+0
1401894687 -18.718874E+0
1401894689 -18.715200E+0
1401894691 -18.720571E+0
1401894693 -18.720289E+0
1401894695 -18.720571E+0
1401894697 -18.721420E+0
1401894699 -18.722551E+0
1401894701 -18.723116E+0
1401894703 -18.721420E+0
1401894705 -18.721701E+0
1401894707 -18.729618E+0
1401894709 -18.727921E+0
1401894711 -18.728771E+0
1401894713 -18.728771E+0
1401894715 -18.727356E+0
1401894717 -18.728205E+0
1401894719 -18.725094E+0
1401894721 -18.723116E+0
1401894723 -18.715766E+0
1401894725 -18.715484E+0
1401894727 -18.710961E+0
1401894729 -18.712373E+0
1401894731 -18.715484E+0
1401894733 -18.713788E+0
1401894735 -18.716897E+0
1401894737 -18.721420E+0
1401894739 -18.721420E+0
1401894741 -18.720289E+0
1401894743 -18.720855E+0
1401894745 -18.718309E+0
1401894747 -18.719158E+0
1401894749 -18.720005E+0
1401894751 -18.716331E+0
1401894753 -18.719440E+0
1401894755 -18.717178E+0
1401894757 -18.713504E+0
1401894759 -18.709830E+0
1401894761 -18.710395E+0
1401894763 -18.713504E+0
1401894765 -18.704176E+0
1401894767 -18.713788E+0
1401894769 -18.719158E+0
1401894771 -18.718309E+0
1401894773 -18.719158E+0
1401894775 -18.718027E+0
1401894777 -18.720289E+0
1401894779 -18.725094E+0
1401894781 -18.723963E+0
1401894783 -18.725659E+0
1401894785 -18.725943E+0
1401894787 -18.723682E+0
1401894789 -18.722832E+0
1401894791 -18.721701E+0
1401894793 -18.715766E+0
1401894795 -18.713223E+0
1401894797 -18.711808E+0
1401894799 -18.713223E+0
1401894801 -18.709265E+0
1401894803 -18.716331E+0
1401894805 -18.721701E+0
1401894807 -18.722267E+0
1401894809 -18.728205E+0
1401894811 -18.730467E+0
1401894813 -18.727640E+0
1401894815 -18.724247E+0
1401894817 -18.721985E+0
1401894819 -18.719440E+0
1401894821 -18.716897E+0
1401894823 -18.717178E+0
1401894825 -18.713788E+0
1401894827 -18.707003E+0
1401894829 -18.708699E+0
1401894831 -18.705306E+0
1401894833 -18.702479E+0
1401894835 -18.708415E+0
1401894837 -18.710961E+0
1401894839 -18.714069E+0
1401894841 -18.714353E+0
1401894843 -18.717178E+0
1401894845 -18.724247E+0
1401894847 -18.728487E+0
1401894849 -18.719440E+0
1401894851 -18.718593E+0
1401894853 -18.714353E+0
1401894855 -18.712092E+0
1401894857 -18.719440E+0
1401894859 -18.716615E+0
1401894861 -18.718593E+0
1401894863 -18.720855E+0
1401894865 -18.722832E+0
1401894867 -18.728771E+0
1401894869 -18.718309E+0
1401894871 -18.715766E+0
1401894873 -18.709265E+0
1401894875 -18.718027E+0
1401894877 -18.714353E+0
1401894879 -18.710111E+0
1401894881 -18.706719E+0
1401894883 -18.703610E+0
1401894885 -18.706153E+0
1401894887 -18.718874E+0
1401894889 -18.721420E+0
1401894891 -18.722267E+0
1401894893 -18.719440E+0
1401894895 -18.720289E+0
1401894897 -18.724247E+0
1401894899 -18.727356E+0
1401894901 -18.728487E+0
1401894903 -18.716331E+0
1401894905 -18.714635E+0
1401894907 -18.715200E+0
1401894909 -18.712939E+0
1401894911 -18.714353E+0
1401894913 -18.712373E+0
1401894915 -18.711526E+0
1401894917 -18.714353E+0
1401894919 -18.716897E+0
1401894921 -18.725943E+0
1401894923 -18.724529E+0
1401894925 -18.723116E+0
1401894927 -18.728205E+0
1401894929 -18.724247E+0
1401894931 -18.725943E+0
1401894933 -18.730748E+0
1401894935 -18.728205E+0
1401894937 -18.733576E+0
1401894939 -18.730467E+0
1401894941 -18.730467E+0
1401894943 -18.731032E+0
1401894945 -18.727640E+0
1401894947 -18.730748E+0
1401894949 -18.726790E+0
1401894951 -18.727074E+0
1401894953 -18.731032E+0
1401894955 -18.728205E+0
1401894957 -18.729902E+0
1401894959 -18.727356E+0
1401894961 -18.726790E+0
1401894963 -18.730467E+0
1401894965 -18.731879E+0
1401894967 -18.731598E+0
1401894969 -18.730183E+0
1401894971 -18.733857E+0
1401894973 -18.734988E+0
1401894975 -18.733010E+0
1401894977 -18.734422E+0
1401894979 -18.735837E+0
1401894981 -18.735837E+0
1401894983 -18.732161E+0
1401894985 -18.737250E+0
1401894987 -18.743753E+0
1401894989 -18.746015E+0
1401894991 -18.750536E+0
1401894993 -18.750820E+0
1401894995 -18.749971E+0
1401894997 -18.749971E+0
1401894999 -18.750255E+0
1401895001 -18.748558E+0
1401895003 -18.748840E+0
1401895005 -18.746296E+0
1401895007 -18.745166E+0
1401895009 -18.746015E+0
1401895011 -18.744884E+0
1401895013 -18.743753E+0
1401895015 -18.744884E+0
1401895017 -18.745166E+0
1401895019 -18.744319E+0
1401895021 -18.741492E+0
1401895023 -18.736968E+0
1401895025 -18.735272E+0
1401895027 -18.733010E+0
1401895029 -18.737250E+0
1401895031 -18.740077E+0
1401895033 -18.744035E+0
1401895035 -18.746296E+0
1401895037 -18.749971E+0
1401895039 -18.750820E+0
1401895041 -18.747427E+0
1401895043 -18.748840E+0
1401895045 -18.751385E+0
1401895047 -18.753929E+0
1401895049 -18.756756E+0
1401895051 -18.759583E+0
1401895053 -18.761279E+0
1401895055 -18.760432E+0
1401895057 -18.757605E+0
1401895059 -18.754778E+0
1401895061 -18.749405E+0
1401895063 -18.746015E+0
1401895065 -18.743469E+0
1401895067 -18.745450E+0
1401895069 -18.738099E+0
1401895071 -18.736968E+0
1401895073 -18.737250E+0
1401895075 -18.734988E+0
1401895077 -18.738664E+0
1401895079 -18.740926E+0
1401895081 -18.742622E+0
1401895083 -18.744600E+0
1401895085 -18.742338E+0
1401895087 -18.744319E+0
1401895089 -18.744600E+0
1401895091 -18.746015E+0
1401895093 -18.748840E+0
1401895095 -18.747143E+0
1401895097 -18.747993E+0
1401895099 -18.748840E+0
1401895102 -18.753082E+0
1401895104 -18.746015E+0
1401895106 -18.746580E+0
1401895108 -18.741492E+0
1401895110 -18.742622E+0
1401895112 -18.739795E+0
1401895114 -18.742904E+0
1401895116 -18.740077E+0
1401895118 -18.742338E+0
1401895120 -18.743753E+0
1401895122 -18.738664E+0
1401895124 -18.748840E+0
1401895126 -18.741208E+0
1401895128 -18.749124E+0
1401895130 -18.748840E+0
1401895132 -18.760148E+0
1401895134 -18.760432E+0
1401895136 -18.764953E+0
1401895138 -18.768346E+0
1401895140 -18.761845E+0
1401895142 -18.760148E+0
1401895144 -18.751951E+0
1401895146 -18.756190E+0
1401895148 -18.755059E+0
1401895150 -18.747993E+0
1401895152 -18.739795E+0
1401895154 -18.738099E+0
1401895156 -18.730467E+0
1401895158 -18.729618E+0
1401895160 -18.735272E+0
1401895162 -18.734422E+0
1401895164 -18.738946E+0
1401895166 -18.735272E+0
1401895168 -18.740926E+0
1401895170 -18.745731E+0
1401895172 -18.748840E+0
1401895174 -18.747427E+0
1401895176 -18.756756E+0
1401895178 -18.761563E+0
1401895180 -18.763257E+0
1401895182 -18.769761E+0
1401895184 -18.769477E+0
1401895186 -18.769195E+0
1401895188 -18.769477E+0
1401895190 -18.765237E+0
1401895192 -18.764388E+0
1401895194 -18.755625E+0
1401895196 -18.755343E+0
1401895198 -18.751101E+0
1401895200 -18.746580E+0
1401895202 -18.738099E+0
1401895204 -18.731598E+0
1401895206 -18.734988E+0
1401895208 -18.728205E+0
1401895210 -18.723963E+0
1401895212 -18.724247E+0
1401895214 -18.728487E+0
1401895216 -18.736119E+0
1401895218 -18.742904E+0
1401895220 -18.754494E+0
1401895222 -18.756756E+0
1401895224 -18.756756E+0
1401895226 -18.763822E+0
1401895228 -18.761279E+0
1401895230 -18.759867E+0
1401895232 -18.757887E+0
1401895234 -18.758171E+0
1401895236 -18.752232E+0
1401895238 -18.748840E+0
1401895240 -18.753363E+0
1401895242 -18.751951E+0
1401895244 -18.756190E+0
1401895246 -18.758452E+0
1401895248 -18.762410E+0
1401895250 -18.762975E+0
1401895252 -18.762410E+0
1401895254 -18.764388E+0
1401895256 -18.763541E+0
1401895258 -18.764106E+0
1401895260 -18.766084E+0
1401895262 -18.762126E+0
1401895264 -18.757321E+0
1401895266 -18.754494E+0
1401895268 -18.754494E+0
1401895270 -18.755625E+0
1401895272 -18.750820E+0
1401895274 -18.747709E+0
1401895276 -18.744884E+0
1401895278 -18.740926E+0
1401895280 -18.739511E+0
1401895282 -18.737250E+0
1401895284 -18.736403E+0
1401895286 -18.738099E+0
1401895288 -18.736684E+0
1401895290 -18.738099E+0
1401895292 -18.737534E+0
1401895294 -18.731314E+0
1401895296 -18.738099E+0
1401895298 -18.739795E+0
1401895300 -18.740642E+0
1401895302 -18.743188E+0
1401895304 -18.745450E+0
1401895306 -18.741773E+0
1401895308 -18.744884E+0
1401895310 -18.741492E+0
1401895312 -18.741492E+0
1401895314 -18.743188E+0
1401895316 -18.741208E+0
1401895318 -18.738946E+0
1401895320 -18.742904E+0
1401895322 -18.741208E+0
1401895324 -18.735553E+0
1401895326 -18.738380E+0
1401895328 -18.734422E+0
1401895330 -18.732726E+0
1401895332 -18.728487E+0
1401895334 -18.724247E+0
1401895336 -18.723116E+0
1401895338 -18.723398E+0
1401895340 -18.723116E+0
1401895342 -18.729336E+0
1401895344 -18.730183E+0
1401895346 -18.734706E+0
1401895348 -18.737534E+0
1401895350 -18.735272E+0
1401895352 -18.736119E+0
1401895354 -18.732161E+0
1401895356 -18.731314E+0
1401895358 -18.730467E+0
1401895360 -18.730467E+0
1401895362 -18.728487E+0
1401895364 -18.735272E+0
1401895366 -18.738099E+0
1401895368 -18.732161E+0
1401895370 -18.727356E+0
1401895372 -18.730467E+0
1401895374 -18.732726E+0
1401895376 -18.726509E+0
1401895378 -18.725659E+0
1401895380 -18.723116E+0
1401895382 -18.725659E+0
1401895384 -18.725094E+0
1401895386 -18.729052E+0
1401895388 -18.727640E+0
1401895390 -18.728205E+0
1401895392 -18.721701E+0
1401895394 -18.726790E+0
1401895396 -18.726225E+0
1401895398 -18.729336E+0
1401895400 -18.732161E+0
1401895402 -18.732161E+0
1401895404 -18.746296E+0
1401895406 -18.748840E+0
1401895408 -18.758452E+0
1401895410 -18.756756E+0
1401895412 -18.751951E+0
1401895414 -18.749689E+0
1401895416 -18.744319E+0
1401895418 -18.738099E+0
1401895420 -18.732726E+0
1401895422 -18.730467E+0
1401895424 -18.724529E+0
1401895426 -18.723682E+0
1401895428 -18.719440E+0
1401895430 -18.719724E+0
1401895432 -18.720289E+0
1401895434 -18.713504E+0
1401895436 -18.725094E+0
1401895438 -18.719440E+0
1401895440 -18.728487E+0
1401895442 -18.733010E+0
1401895444 -18.738946E+0
1401895446 -18.739795E+0
1401895448 -18.734706E+0
1401895450 -18.738946E+0
1401895452 -18.741773E+0
1401895454 -18.741492E+0
1401895456 -18.737250E+0
1401895458 -18.742338E+0
1401895460 -18.741208E+0
1401895462 -18.733010E+0
1401895464 -18.733292E+0
1401895466 -18.723116E+0
1401895468 -18.723116E+0
1401895470 -18.724529E+0
1401895472 -18.717743E+0
1401895474 -18.718027E+0
1401895476 -18.719440E+0
1401895478 -18.723116E+0
1401895480 -18.729618E+0
1401895482 -18.725943E+0
1401895484 -18.738946E+0
1401895486 -18.740361E+0
1401895488 -18.748840E+0
1401895490 -18.758452E+0
1401895492 -18.762410E+0
1401895494 -18.759583E+0
1401895496 -18.753929E+0
1401895498 -18.761845E+0
1401895500 -18.759583E+0
1401895502 -18.750820E+0
1401895504 -18.753082E+0
1401895506 -18.742338E+0
1401895508 -18.739230E+0
1401895510 -18.733576E+0
1401895512 -18.736119E+0
1401895514 -18.734706E+0
1401895516 -18.734141E+0
1401895518 -18.730748E+0
1401895520 -18.724813E+0
1401895522 -18.729052E+0
1401895524 -18.730467E+0
1401895526 -18.736403E+0
1401895528 -18.736119E+0
1401895530 -18.742338E+0
