1401891436 17.03
1401891441 17.02
1401891446 17.01
1401891452 17.02
1401891457 17.01
1401891462 16.97
1401891468 16.72
1401891473 16.35
1401891478 15.91
1401891483 15.40
1401891489 14.67
1401891494 14.11
1401891499 13.55
1401891504 12.98
1401891509 12.43
1401891514 11.79
1401891519 11.32
1401891525 10.69
1401891530 10.16
1401891535 9.68
1401891540 9.20
1401891545 8.72
1401891550 8.27
1401891556 7.68
1401891561 7.13
1401891567 6.71
1401891572 6.29
1401891577 5.79
1401891582 5.40
1401891588 4.85
1401891593 4.44
1401891598 4.03
1401891603 3.63
1401891608 3.22
1401891613 2.81
1401891619 2.34
1401891624 1.96
1401891629 1.58
1401891634 1.12
1401891640 0.68
1401891645 0.32
1401891650 -0.06
1401891655 -0.41
1401891661 -0.90
1401891666 -1.23
1401891672 -1.58
1401891677 -2.01
1401891682 -2.32
1401891688 -2.77
1401891693 -3.08
1401891698 -3.47
1401891704 -3.78
1401891709 -4.08
1401891714 -4.49
1401891719 -4.81
1401891724 -5.13
1401891730 -5.43
1401891735 -5.74
1401891740 -6.08
1401891745 -6.36
1401891750 -6.65
1401891756 -6.99
1401891761 -7.33
1401891766 -7.60
1401891772 -7.89
1401891777 -8.15
1401891782 -8.41
1401891787 -8.67
1401891792 -9.00
1401891798 -9.26
1401891803 -9.58
1401891808 -9.84
1401891814 -10.14
1401891820 -10.42
1401891825 -10.65
1401891830 -10.89
1401891835 -11.17
1401891841 -11.44
1401891846 -11.66
1401891852 -11.94
1401891858 -12.19
1401891863 -12.41
1401891868 -12.62
1401891873 -12.89
1401891879 -13.13
1401891884 -13.34
1401891889 -13.55
1401891894 -13.76
1401891900 -13.95
1401891905 -14.19
1401891910 -14.41
1401891916 -14.60
1401891921 -14.81
1401891926 -15.02
1401891931 -15.20
1401891937 -15.38
1401891942 -15.58
1401891947 -15.82
1401891952 -15.98
1401891958 -16.16
1401891963 -16.32
1401891968 -16.51
1401891973 -16.70
1401891979 -16.89
1401891984 -17.07
1401891989 -17.23
1401891994 -17.40
1401892000 -17.55
1401892005 -17.72
1401892010 -17.89
1401892016 -18.05
1401892021 -18.20
1401892026 -18.38
1401892031 -18.49
1401892037 -18.60
1401892042 -18.67
1401892047 -18.76
1401892052 -18.84
1401892058 -18.95
1401892063 -19.03
1401892068 -19.12
1401892073 -19.22
1401892079 -19.30
1401892084 -19.39
1401892089 -19.49
1401892095 -19.59
1401892101 -19.67
1401892106 -19.74
1401892111 -19.78
1401892116 -19.85
1401892122 -19.90
1401892127 -19.92
1401892132 -19.95
1401892137 -19.95
1401892143 -19.98
1401892148 -20.00
1401892154 -20.02
1401892159 -20.03
1401892164 -20.05
1401892169 -20.06
1401892174 -20.06
1401892180 -20.05
1401892185 -20.05
1401892190 -20.02
1401892195 -20.05
1401892200 -20.03
1401892206 -20.03
1401892211 -20.03
1401892216 -20.03
1401892221 -20.02
1401892226 -20.02
1401892232 -20.03
1401892237 -20.03
1401892242 -20.03
1401892248 -20.01
1401892253 -20.00
1401892259 -20.00
1401892264 -20.01
1401892269 -20.01
1401892275 -20.00
1401892280 -20.00
1401892286 -20.00
1401892291 -20.01
1401892297 -20.00
1401892302 -20.00
1401892307 -20.00
1401892312 -20.01
1401892318 -20.01
1401892323 -20.01
1401892328 -20.00
1401892333 -19.98
1401892338 -19.98
1401892343 -20.00
1401892349 -20.01
1401892354 -20.02
1401892359 -20.02
1401892364 -20.01
1401892369 -19.98
1401892375 -19.98
1401892380 -20.00
1401892385 -20.00
1401892390 -20.00
1401892396 -20.00
1401892401 -19.98
1401892407 -19.99
1401892412 -20.01
1401892418 -19.99
1401892423 -19.99
1401892428 -19.98
1401892434 -20.00
1401892439 -20.01
1401892445 -20.00
1401892450 -20.01
1401892455 -20.01
1401892460 -20.01
1401892466 -20.00
1401892471 -19.99
1401892476 -19.98
1401892481 -19.98
1401892487 -20.00
1401892492 -20.01
1401892498 -20.01
1401892503 -20.01
1401892508 -20.00
1401892513 -20.00
1401892518 -19.99
1401892523 -20.00
1401892529 -20.01
1401892534 -20.01
1401892539 -20.00
1401892544 -20.01
1401892550 -20.01
1401892555 -20.01
1401892560 -20.01
1401892565 -20.01
1401892571 -20.00
1401892577 -20.00
1401892583 -20.00
1401892588 -19.99
1401892594 -20.00
1401892599 -20.00
1401892604 -19.99
1401892609 -19.99
1401892614 -20.00
1401892620 -19.99
1401892625 -20.00
1401892630 -20.02
1401892635 -20.02
1401892640 -20.02
1401892646 -20.00
1401892651 -19.97
1401892656 -19.98
1401892662 -19.98
1401892667 -20.00
1401892673 -20.01
1401892678 -20.02
1401892683 -20.01
1401892688 -19.99
1401892693 -19.99
1401892698 -19.99
1401892704 -19.97
1401892709 -20.00
1401892714 -20.02
1401892719 -20.02
1401892724 -20.01
1401892730 -19.99
1401892735 -20.00
1401892740 -20.00
1401892745 -20.01
1401892750 -20.01
1401892756 -20.00
1401892761 -19.99
1401892766 -20.00
1401892772 -20.00
1401892777 -20.00
1401892782 -20.00
1401892787 -19.99
1401892792 -20.01
1401892797 -20.02
1401892803 -20.01
1401892808 -20.01
1401892814 -20.00
1401892819 -20.01
1401892824 -20.00
1401892829 -19.99
1401892835 -20.00
1401892840 -20.01
1401892845 -20.02
1401892850 -20.01
1401892856 -20.00
1401892861 -19.98
1401892866 -20.00
1401892871 -20.01
1401892877 -20.00
1401892882 -20.00
1401892888 -20.00
1401892893 -20.00
1401892898 -20.00
1401892904 -19.99
1401892909 -19.99
1401892915 -19.99
1401892920 -20.00
1401892925 -20.01
1401892930 -20.02
1401892935 -20.01
1401892940 -20.00
1401892946 -19.99
1401892951 -19.98
1401892957 -19.98
1401892962 -19.99
1401892967 -20.00
1401892973 -20.00
1401892978 -20.02
1401892983 -20.01
1401892988 -20.01
1401892994 -19.99
1401892999 -20.01
1401893004 -20.00
1401893009 -20.02
1401893015 -20.01
1401893020 -20.00
1401893025 -20.00
1401893031 -20.00
1401893036 -20.00
1401893041 -19.99
1401893046 -20.01
1401893052 -20.01
1401893057 -20.00
1401893062 -20.00
1401893067 -19.99
1401893073 -20.00
1401893078 -20.00
1401893083 -20.00
1401893088 -20.00
1401893094 -19.99
1401893099 -20.00
1401893105 -20.00
1401893110 -20.00
1401893115 -20.02
1401893120 -20.00
1401893125 -19.99
1401893131 -19.99
1401893136 -20.00
1401893142 -20.00
1401893147 -20.01
1401893152 -20.00
1401893157 -20.00
1401893163 -20.00
1401893169 -19.99
1401893174 -19.99
1401893179 -20.00
1401893184 -20.00
1401893190 -19.99
1401893195 -19.99
1401893200 -20.02
1401893206 -20.01
1401893211 -20.01
1401893216 -19.99
1401893222 -20.00
1401893227 -19.98
1401893233 -20.00
1401893238 -20.00
1401893243 -20.01
1401893248 -20.01
1401893253 -20.00
1401893259 -20.01
1401893264 -20.00
1401893269 -20.00
1401893275 -19.99
1401893280 -20.01
1401893285 -20.00
1401893290 -20.01
1401893295 -19.99
1401893301 -20.00
1401893306 -19.99
1401893311 -19.99
1401893317 -20.00
1401893322 -20.01
1401893327 -20.02
1401893332 -20.01
1401893338 -20.00
1401893343 -19.99
1401893348 -20.00
1401893353 -20.00
1401893358 -19.99
1401893364 -19.99
1401893369 -20.00
1401893374 -20.00
1401893379 -20.00
1401893385 -20.01
1401893390 -20.01
1401893395 -20.01
1401893400 -20.01
1401893405 -19.98
1401893411 -19.98
1401893416 -19.97
1401893422 -20.01
1401893427 -20.01
1401893433 -20.03
1401893438 -20.02
1401893443 -20.03
1401893448 -20.00
1401893453 -19.99
1401893459 -19.99
1401893464 -19.99
1401893469 -20.01
1401893475 -19.99
1401893480 -19.99
1401893485 -20.00
1401893491 -19.99
1401893497 -20.01
1401893502 -20.00
1401893508 -20.01
1401893513 -20.00
1401893518 -19.99
1401893523 -20.00
1401893528 -19.99
1401893533 -19.99
1401893539 -19.99
1401893544 -20.00
1401893549 -20.01
1401893554 -20.01
1401893560 -20.00
1401893565 -19.98
1401893570 -19.97
1401893576 -20.00
1401893582 -20.01
1401893587 -20.01
1401893592 -20.02
1401893597 -20.01
1401893602 -20.00
1401893608 -19.98
1401893613 -19.97
1401893618 -19.99
1401893624 -19.99
1401893629 -20.00
1401893634 -20.02
1401893639 -20.01
1401893645 -20.01
1401893651 -20.00
1401893656 -19.99
1401893661 -19.99
1401893666 -20.01
1401893672 -20.01
1401893677 -20.00
1401893682 -19.99
1401893687 -19.99
1401893693 -20.00
1401893698 -20.00
1401893704 -20.00
1401893709 -20.01
1401893714 -20.00
1401893719 -20.00
1401893724 -20.00
1401893730 -20.00
1401893735 -20.00
1401893740 -20.01
1401893745 -20.01
1401893750 -20.01
1401893755 -20.01
1401893761 -19.99
1401893766 -19.99
1401893771 -19.99
1401893777 -19.99
1401893782 -19.99
1401893788 -20.00
1401893793 -20.01
1401893798 -20.00
1401893804 -19.99
1401893809 -20.00
1401893814 -19.99
1401893819 -19.99
1401893825 -20.00
1401893830 -19.99
1401893836 -19.99
1401893841 -20.00
1401893846 -20.00
1401893852 -20.00
1401893857 -20.01
1401893862 -20.02
1401893867 -20.03
1401893872 -20.02
1401893878 -20.00
1401893883 -20.00
1401893888 -19.99
1401893894 -19.98
1401893899 -20.01
1401893905 -20.03
1401893910 -20.03
1401893915 -20.01
1401893921 -20.00
1401893927 -19.99
1401893932 -19.99
1401893938 -19.98
1401893943 -19.99
1401893948 -20.00
1401893953 -20.01
1401893958 -20.00
1401893963 -20.01
1401893969 -20.02
1401893974 -20.00
1401893979 -19.99
1401893984 -19.98
1401893989 -19.98
1401893994 -20.01
1401894000 -20.01
1401894005 -20.01
1401894010 -20.01
1401894015 -20.00
1401894021 -19.98
1401894026 -19.99
1401894031 -19.98
1401894036 -19.99
1401894042 -20.02
1401894047 -20.00
1401894052 -20.00
1401894058 -20.01
1401894063 -20.00
1401894068 -19.99
1401894074 -19.99
1401894080 -20.00
1401894085 -20.00
1401894090 -20.00
1401894096 -20.00
1401894101 -20.01
1401894106 -20.01
1401894112 -20.00
1401894118 -20.00
1401894123 -20.01
1401894128 -20.01
1401894134 -20.00
1401894139 -20.00
1401894145 -20.01
1401894150 -19.99
1401894155 -19.99
1401894160 -19.99
1401894166 -20.01
1401894171 -20.02
1401894176 -20.02
1401894181 -20.00
1401894186 -20.00
1401894192 -19.99
1401894197 -20.00
1401894202 -19.99
1401894208 -20.00
1401894213 -20.01
1401894218 -20.00
1401894223 -20.00
1401894228 -19.99
1401894234 -20.00
1401894239 -20.01
1401894244 -20.01
1401894250 -20.00
1401894255 -20.00
1401894260 -20.00
1401894266 -20.00
1401894271 -20.01
1401894276 -19.99
1401894282 -20.01
1401894287 -20.01
1401894292 -20.00
1401894298 -20.01
1401894303 -20.01
1401894308 -19.99
1401894313 -20.01
1401894318 -19.99
1401894324 -19.99
1401894329 -20.00
1401894334 -20.00
1401894340 -20.00
1401894345 -20.03
1401894350 -20.00
1401894356 -20.00
1401894361 -19.99
1401894367 -20.01
1401894372 -20.00
1401894378 -19.99
1401894383 -19.99
1401894388 -20.00
1401894393 -20.00
1401894399 -20.00
1401894404 -20.00
1401894409 -20.01
1401894414 -19.99
1401894420 -20.00
1401894425 -20.01
1401894430 -20.00
1401894435 -19.99
1401894440 -20.00
1401894446 -20.00
1401894451 -20.00
1401894456 -20.01
1401894461 -19.98
1401894467 -20.00
1401894472 -20.00
1401894478 -20.01
1401894483 -20.01
1401894488 -20.00
1401894493 -19.99
1401894498 -19.99
1401894503 -19.98
1401894509 -19.98
1401894514 -19.99
1401894519 -20.00
1401894524 -20.03
1401894529 -20.02
1401894535 -20.02
1401894540 -20.01
1401894545 -20.00
1401894550 -19.99
1401894556 -19.99
1401894561 -20.00
1401894566 -20.00
1401894571 -19.99
1401894577 -20.00
1401894582 -20.01
1401894587 -20.01
1401894593 -19.99
1401894598 -19.99
1401894603 -19.99
1401894609 -20.01
1401894614 -20.01
1401894619 -20.00
1401894624 -20.00
1401894629 -20.00
1401894635 -20.00
1401894640 -20.01
1401894645 -20.01
1401894651 -19.99
1401894656 -20.00
1401894661 -20.02
1401894666 -20.01
1401894672 -19.99
1401894678 -20.00
1401894683 -20.00
1401894688 -20.01
1401894694 -20.00
1401894700 -19.98
1401894705 -19.99
1401894710 -20.00
1401894716 -20.02
1401894721 -20.01
1401894726 -19.99
1401894732 -19.99
1401894738 -20.00
1401894743 -20.00
1401894748 -20.00
1401894753 -20.01
1401894758 -19.99
1401894763 -19.99
1401894769 -19.99
1401894774 -19.99
1401894779 -20.00
1401894784 -20.00
1401894789 -20.01
1401894795 -20.00
1401894800 -20.01
1401894805 -19.99
1401894810 -20.00
1401894816 -20.02
1401894821 -20.02
1401894827 -20.00
1401894832 -20.00
1401894838 -19.99
1401894843 -19.99
1401894848 -20.01
1401894853 -20.00
1401894858 -19.99
1401894863 -20.00
1401894869 -20.00
1401894874 -19.99
1401894879 -19.99
1401894884 -19.99
1401894889 -19.99
1401894895 -19.99
1401894900 -20.01
1401894905 -20.00
1401894910 -19.99
1401894916 -19.99
1401894921 -19.99
1401894927 -20.00
1401894932 -20.01
1401894938 -20.01
1401894943 -20.00
1401894948 -20.00
1401894954 -20.01
1401894959 -20.00
1401894965 -20.00
1401894970 -20.00
1401894975 -20.00
1401894980 -19.99
1401894986 -20.00
1401894991 -20.02
1401894996 -20.00
1401895001 -20.02
1401895006 -20.01
1401895012 -20.00
1401895017 -20.02
1401895022 -20.00
1401895028 -19.99
1401895033 -19.99
1401895038 -20.01
1401895043 -19.99
1401895048 -19.99
1401895054 -20.01
1401895059 -20.00
1401895064 -20.00
1401895070 -19.99
1401895075 -19.98
1401895080 -20.00
1401895086 -19.99
1401895091 -19.99
1401895096 -20.00
1401895102 -20.01
1401895108 -20.00
1401895113 -20.00
1401895118 -19.99
1401895123 -19.99
1401895128 -19.99
1401895133 -20.00
1401895139 -20.01
1401895144 -20.01
1401895149 -20.03
1401895154 -20.00
1401895159 -19.99
1401895165 -19.98
1401895170 -19.98
1401895175 -19.99
1401895180 -20.00
1401895186 -20.01
1401895191 -20.03
1401895196 -20.02
1401895202 -20.01
1401895207 -19.99
1401895212 -19.97
1401895217 -19.99
1401895222 -20.00
1401895228 -20.01
1401895233 -20.01
1401895239 -20.00
1401895244 -19.99
1401895250 -20.00
1401895255 -20.00
1401895260 -20.01
1401895265 -20.00
1401895271 -20.02
1401895276 -20.01
1401895281 -20.01
1401895286 -20.00
1401895292 -19.99
1401895297 -19.99
1401895302 -19.99
1401895307 -20.00
1401895312 -20.00
1401895318 -19.99
1401895323 -20.00
1401895328 -20.01
1401895333 -20.00
1401895339 -19.99
1401895344 -19.99
1401895350 -20.01
1401895355 -20.00
1401895360 -19.99
1401895365 -20.01
1401895370 -20.00
1401895376 -19.99
1401895381 -20.00
1401895387 -19.99
1401895392 -19.99
1401895398 -19.99
1401895403 -19.99
1401895408 -20.01
1401895413 -20.02
1401895418 -20.02
1401895424 -20.01
1401895429 -19.99
1401895434 -19.99
1401895440 -19.99
1401895445 -20.00
1401895450 -19.99
1401895456 -20.01
1401895461 -20.01
1401895466 -20.00
1401895472 -19.99
1401895477 -19.98
1401895482 -19.98
1401895487 -19.99
1401895492 -20.00
1401895498 -20.02
1401895503 -20.03
1401895508 -20.02
1401895513 -20.01
1401895519 -20.00
1401895524 -19.98
