1401891443 33.278611E+0
1401891445 33.282014E+0
1401891447 33.234803E+0
1401891449 33.236491E+0
1401891451 33.258268E+0
1401891453 33.260238E+0
1401891455 33.230273E+0
1401891457 33.217556E+0
1401891459 33.261364E+0
1401891461 33.271830E+0
1401891463 33.285674E+0
1401891465 33.283985E+0
1401891467 33.299824E+0
1401891469 33.309727E+0
1401891471 33.311135E+0
1401891473 33.295295E+0
1401891475 33.251205E+0
1401891477 33.208497E+0
1401891479 33.191250E+0
1401891481 33.234240E+0
1401891483 33.227151E+0
1401891485 33.156756E+0
1401891487 33.168066E+0
1401891489 33.159596E+0
1401891491 33.177969E+0
1401891493 33.187002E+0
1401891495 33.172033E+0
1401891497 33.129887E+0
1401891499 33.174284E+0
1401891501 33.155911E+0
1401891503 33.097671E+0
1401891505 33.174003E+0
1401891507 33.197468E+0
1401891509 33.226307E+0
1401891511 33.257423E+0
1401891513 33.291636E+0
1401891515 33.320756E+0
1401891517 33.330915E+0
1401891519 33.306324E+0
1401891521 33.301513E+0
1401891523 33.355532E+0
1401891525 33.358910E+0
1401891527 33.402462E+0
1401891529 33.447704E+0
1401891531 33.472013E+0
1401891533 33.499445E+0
1401891535 33.557686E+0
1401891537 33.565874E+0
1401891539 33.575496E+0
1401891541 33.612523E+0
1401891543 33.576622E+0
1401891545 33.499445E+0
1401891547 33.460985E+0
1401891549 33.422243E+0
1401891551 33.448548E+0
1401891553 33.444863E+0
1401891555 33.457018E+0
1401891557 33.435830E+0
1401891559 33.408117E+0
1401891561 33.355813E+0
1401891563 33.324416E+0
1401891565 33.332348E+0
1401891567 33.336007E+0
1401891569 33.349314E+0
1401891571 33.345066E+0
1401891573 33.378434E+0
1401891575 33.357784E+0
1401891577 33.315946E+0
1401891579 33.272111E+0
1401891581 33.263360E+0
1401891583 33.253176E+0
1401891585 33.274670E+0
1401891587 33.263360E+0
1401891589 33.292199E+0
1401891591 33.318760E+0
1401891593 33.310009E+0
1401891595 33.337722E+0
1401891597 33.353536E+0
1401891599 33.351003E+0
1401891601 33.330915E+0
1401891603 33.349877E+0
1401891605 33.350721E+0
1401891607 33.340537E+0
1401891609 33.379842E+0
1401891611 33.415462E+0
1401891613 33.342226E+0
1401891615 33.292762E+0
1401891617 33.300669E+0
1401891619 33.312542E+0
1401891621 33.266456E+0
1401891623 33.301232E+0
1401891625 33.266175E+0
1401891627 33.284548E+0
1401891629 33.268734E+0
1401891631 33.265612E+0
1401891633 33.199746E+0
1401891635 33.225463E+0
1401891637 33.208778E+0
1401891639 33.212182E+0
1401891641 33.134135E+0
1401891643 33.097108E+0
1401891645 33.078735E+0
1401891647 33.105296E+0
1401891649 33.142631E+0
1401891651 33.162130E+0
1401891653 33.171751E+0
1401891655 33.170318E+0
1401891657 33.174566E+0
1401891659 33.176280E+0
1401891661 33.190687E+0
1401891663 33.227151E+0
1401891665 33.255146E+0
1401891667 33.280888E+0
1401891669 33.275796E+0
1401891671 33.242147E+0
1401891673 33.237054E+0
1401891675 33.222366E+0
1401891677 33.247802E+0
1401891679 33.188154E+0
1401891681 33.160441E+0
1401891683 33.201716E+0
1401891685 33.192376E+0
1401891687 33.158726E+0
1401891689 33.184750E+0
1401891691 33.203686E+0
1401891693 33.203405E+0
1401891695 33.192939E+0
1401891697 33.179940E+0
1401891699 33.114355E+0
1401891701 33.124539E+0
1401891703 33.144038E+0
1401891705 33.159033E+0
1401891707 33.167222E+0
1401891709 33.187872E+0
1401891711 33.212745E+0
1401891713 33.215278E+0
1401891715 33.176562E+0
1401891717 33.218963E+0
1401891719 33.149130E+0
1401891721 33.209904E+0
1401891723 33.254301E+0
1401891725 33.255427E+0
1401891727 33.209341E+0
1401891729 33.253457E+0
1401891731 33.310572E+0
1401891733 33.295858E+0
1401891735 33.323571E+0
1401891737 33.349007E+0
1401891739 33.343940E+0
1401891741 33.276078E+0
1401891743 33.250335E+0
1401891745 33.257423E+0
1401891747 33.236773E+0
1401891749 33.226870E+0
1401891751 33.206527E+0
1401891753 33.219244E+0
1401891755 33.240739E+0
1401891757 33.222648E+0
1401891759 33.231962E+0
1401891761 33.203123E+0
1401891763 33.235084E+0
1401891765 33.238743E+0
1401891767 33.236210E+0
1401891769 33.268452E+0
1401891771 33.269578E+0
1401891773 33.257142E+0
1401891775 33.262490E+0
1401891777 33.247802E+0
1401891779 33.230836E+0
1401891781 33.291636E+0
1401891783 33.269578E+0
1401891785 33.284266E+0
1401891787 33.298136E+0
1401891789 33.305480E+0
1401891791 33.279737E+0
1401891793 33.246676E+0
1401891795 33.198594E+0
1401891797 33.180221E+0
1401891799 33.219244E+0
1401891801 33.158445E+0
1401891803 33.215841E+0
1401891805 33.194653E+0
1401891807 33.177406E+0
1401891809 33.173721E+0
1401891811 33.178532E+0
1401891813 33.132165E+0
1401891815 33.137257E+0
1401891817 33.123951E+0
1401891819 33.162974E+0
1401891821 33.120573E+0
1401891823 33.160722E+0
1401891825 33.109544E+0
1401891827 33.127635E+0
1401891829 33.133572E+0
1401891831 33.079861E+0
1401891833 33.130476E+0
1401891835 33.214997E+0
1401891837 33.199464E+0
1401891839 33.197468E+0
1401891841 33.231681E+0
1401891843 33.302639E+0
1401891845 33.332067E+0
1401891847 33.369376E+0
1401891849 33.388030E+0
1401891851 33.400185E+0
1401891853 33.399903E+0
1401891855 33.408399E+0
1401891857 33.378153E+0
1401891859 33.289921E+0
1401891861 33.250898E+0
1401891863 33.252894E+0
1401891865 33.248365E+0
1401891867 33.280044E+0
1401891869 33.253176E+0
1401891871 33.283140E+0
1401891873 33.305198E+0
1401891875 33.289640E+0
1401891877 33.278893E+0
1401891879 33.272393E+0
1401891881 33.275233E+0
1401891883 33.279174E+0
1401891885 33.263923E+0
1401891887 33.262208E+0
1401891889 33.279174E+0
1401891891 33.306606E+0
1401891893 33.302639E+0
1401891895 33.189280E+0
1401891897 33.143475E+0
1401891899 33.172595E+0
1401891901 33.178251E+0
1401891903 33.170907E+0
1401891905 33.177969E+0
1401891907 33.171751E+0
1401891909 33.188154E+0
1401891911 33.167503E+0
1401891913 33.185032E+0
1401891915 33.194372E+0
1401891917 33.183624E+0
1401891919 33.217837E+0
1401891921 33.253176E+0
1401891923 33.236773E+0
1401891925 33.238180E+0
1401891927 33.286825E+0
1401891929 33.303509E+0
1401891931 33.283140E+0
1401891933 33.297573E+0
1401891935 33.306043E+0
1401891937 33.314231E+0
1401891939 33.331197E+0
1401891941 33.325541E+0
1401891943 33.297291E+0
1401891945 33.271548E+0
1401891947 33.281733E+0
1401891949 33.278893E+0
1401891951 33.311416E+0
1401891953 33.304635E+0
1401891955 33.332067E+0
1401891957 33.335444E+0
1401891959 33.321319E+0
1401891961 33.302639E+0
1401891963 33.298980E+0
1401891965 33.257705E+0
1401891967 33.216123E+0
1401891969 33.118295E+0
1401891971 33.139790E+0
1401891973 33.159315E+0
1401891975 33.155630E+0
1401891977 33.174847E+0
1401891979 33.117732E+0
1401891981 33.041963E+0
1401891983 33.062614E+0
1401891985 33.085797E+0
1401891987 33.114355E+0
1401891989 33.124821E+0
1401891991 33.105578E+0
1401891993 33.155348E+0
1401891995 33.184750E+0
1401891997 33.207090E+0
1401891999 33.235084E+0
1401892001 33.213308E+0
1401892003 33.254301E+0
1401892005 33.289077E+0
1401892007 33.302358E+0
1401892009 33.347599E+0
1401892011 33.284548E+0
1401892013 33.308576E+0
1401892015 33.293888E+0
1401892017 33.275233E+0
1401892019 33.276078E+0
1401892021 33.280326E+0
1401892023 33.288233E+0
1401892025 33.317916E+0
1401892027 33.246957E+0
1401892029 33.270141E+0
1401892031 33.303228E+0
1401892033 33.315383E+0
1401892035 33.336852E+0
1401892037 33.334319E+0
1401892039 33.288796E+0
1401892041 33.305480E+0
1401892043 33.286825E+0
1401892045 33.252331E+0
1401892047 33.303791E+0
1401892049 33.305198E+0
1401892051 33.298698E+0
1401892053 33.357502E+0
1401892055 33.386904E+0
1401892057 33.417432E+0
1401892059 33.395681E+0
1401892061 33.432709E+0
1401892063 33.400185E+0
1401892065 33.359473E+0
1401892067 33.391433E+0
1401892069 33.379842E+0
1401892071 33.371064E+0
1401892073 33.381249E+0
1401892075 33.364565E+0
1401892077 33.338566E+0
1401892079 33.383808E+0
1401892081 33.354380E+0
1401892083 33.365409E+0
1401892085 33.406992E+0
1401892087 33.417150E+0
1401892089 33.450237E+0
1401892091 33.450237E+0
1401892093 33.498293E+0
1401892095 33.545249E+0
1401892097 33.513852E+0
1401892099 33.511318E+0
1401892101 33.527132E+0
1401892103 33.531099E+0
1401892105 33.525162E+0
1401892107 33.513007E+0
1401892109 33.523755E+0
1401892111 33.519507E+0
1401892113 33.511881E+0
1401892115 33.563341E+0
1401892117 33.550598E+0
1401892119 33.584247E+0
1401892121 33.558530E+0
1401892123 33.546657E+0
1401892125 33.519788E+0
1401892127 33.500571E+0
1401892129 33.431020E+0
1401892131 33.433553E+0
1401892133 33.449956E+0
1401892135 33.415743E+0
1401892137 33.412647E+0
1401892139 33.373905E+0
1401892141 33.319605E+0
1401892143 33.334037E+0
1401892145 33.335163E+0
1401892147 33.326130E+0
1401892149 33.343377E+0
1401892151 33.349877E+0
1401892153 33.317353E+0
1401892155 33.272956E+0
1401892157 33.313387E+0
1401892159 33.345910E+0
1401892161 33.307450E+0
1401892163 33.345066E+0
1401892165 33.324978E+0
1401892167 33.362594E+0
1401892169 33.267301E+0
1401892171 33.282577E+0
1401892173 33.212745E+0
1401892175 33.221496E+0
1401892177 33.258549E+0
1401892179 33.229429E+0
1401892181 33.301513E+0
1401892183 33.273519E+0
1401892185 33.291329E+0
1401892187 33.271548E+0
1401892189 33.324416E+0
1401892191 33.304917E+0
1401892193 33.241302E+0
1401892195 33.272393E+0
1401892197 33.307450E+0
1401892199 33.307450E+0
1401892201 33.310009E+0
1401892203 33.362032E+0
1401892205 33.362594E+0
1401892207 33.416024E+0
1401892209 33.415180E+0
1401892211 33.431020E+0
1401892213 33.385215E+0
1401892215 33.357502E+0
1401892217 33.362876E+0
1401892219 33.313387E+0
1401892221 33.317353E+0
1401892223 33.291917E+0
1401892225 33.304072E+0
1401892227 33.250335E+0
1401892229 33.271267E+0
1401892231 33.281733E+0
1401892233 33.267864E+0
1401892235 33.248083E+0
1401892237 33.256272E+0
1401892239 33.257705E+0
1401892241 33.247802E+0
1401892243 33.252050E+0
1401892245 33.231118E+0
1401892247 33.276922E+0
1401892249 33.306606E+0
1401892251 33.247802E+0
1401892253 33.199157E+0
1401892255 33.210749E+0
1401892257 33.205682E+0
1401892259 33.220089E+0
1401892261 33.219244E+0
1401892263 33.239025E+0
1401892265 33.254020E+0
1401892267 33.271830E+0
1401892269 33.304917E+0
1401892271 33.366842E+0
1401892273 33.392841E+0
1401892275 33.435830E+0
1401892277 33.426209E+0
1401892279 33.441767E+0
1401892281 33.442893E+0
1401892283 33.369939E+0
1401892285 33.360036E+0
1401892287 33.371909E+0
1401892289 33.353536E+0
1401892291 33.259112E+0
1401892293 33.264767E+0
1401892295 33.306606E+0
1401892297 33.317353E+0
1401892299 33.335444E+0
1401892301 33.326974E+0
1401892303 33.267864E+0
1401892305 33.254864E+0
1401892307 33.240458E+0
1401892309 33.258831E+0
1401892311 33.211900E+0
1401892313 33.185032E+0
1401892315 33.164970E+0
1401892317 33.123388E+0
1401892319 33.110388E+0
1401892321 33.117451E+0
1401892323 33.129887E+0
1401892325 33.137538E+0
1401892327 33.111233E+0
1401892329 33.099360E+0
1401892331 33.155067E+0
1401892333 33.115481E+0
1401892335 33.070802E+0
1401892337 33.053555E+0
1401892339 33.071084E+0
1401892341 33.088049E+0
1401892343 33.071084E+0
1401892345 33.056958E+0
1401892347 33.030653E+0
1401892349 32.998155E+0
1401892351 32.967883E+0
1401892353 32.986281E+0
1401892355 32.968753E+0
1401892357 32.999281E+0
1401892359 32.958287E+0
1401892361 32.932544E+0
1401892363 32.911920E+0
1401892365 32.974383E+0
1401892367 33.025561E+0
1401892369 33.039711E+0
1401892371 33.043678E+0
1401892373 33.083238E+0
1401892375 33.096826E+0
1401892377 33.079861E+0
1401892379 33.088894E+0
1401892381 33.069395E+0
1401892383 33.094830E+0
1401892385 33.082113E+0
1401892387 33.049307E+0
1401892389 33.046774E+0
1401892391 33.068832E+0
1401892393 33.077302E+0
1401892395 33.078735E+0
1401892397 33.083801E+0
1401892399 33.073080E+0
1401892401 33.118295E+0
1401892403 33.124539E+0
1401892405 33.086642E+0
1401892407 32.896924E+0
1401892409 32.881366E+0
1401892411 32.933107E+0
1401892413 32.929448E+0
1401892415 32.977504E+0
1401892417 33.006343E+0
1401892419 32.979193E+0
1401892421 32.957135E+0
1401892423 32.952632E+0
1401892425 32.932826E+0
1401892427 32.881085E+0
1401892429 32.916142E+0
1401892431 32.942447E+0
1401892433 32.946414E+0
1401892435 33.008314E+0
1401892437 32.986281E+0
1401892439 33.024153E+0
1401892441 33.093704E+0
1401892443 33.024998E+0
1401892445 33.043678E+0
1401892447 33.027557E+0
1401892449 32.981471E+0
1401892451 32.992218E+0
1401892453 33.023309E+0
1401892455 33.010310E+0
1401892457 32.958006E+0
1401892459 33.002658E+0
1401892461 33.001533E+0
1401892463 33.017372E+0
1401892465 32.956854E+0
1401892467 32.929448E+0
1401892469 32.943573E+0
1401892471 32.886740E+0
1401892473 32.895517E+0
1401892475 32.919827E+0
1401892477 32.941884E+0
1401892479 32.958287E+0
1401892481 32.937355E+0
1401892483 32.913608E+0
1401892485 32.899765E+0
1401892487 32.893828E+0
1401892489 32.913046E+0
1401892491 32.922949E+0
1401892493 32.864682E+0
1401892495 32.851683E+0
1401892497 32.785254E+0
1401892500 32.782695E+0
1401892502 32.795131E+0
1401892504 32.806160E+0
1401892506 32.805034E+0
1401892508 32.775632E+0
1401892510 32.775351E+0
1401892512 32.765729E+0
1401892514 32.784102E+0
1401892516 32.803064E+0
1401892518 32.830777E+0
1401892520 32.812378E+0
1401892522 32.827373E+0
1401892524 32.749915E+0
1401892526 32.792598E+0
1401892528 32.825684E+0
1401892530 32.799942E+0
1401892532 32.802782E+0
1401892534 32.796001E+0
1401892536 32.801656E+0
1401892538 32.805879E+0
1401892540 32.849150E+0
1401892542 32.885896E+0
1401892544 32.856494E+0
1401892546 32.861586E+0
1401892548 32.851401E+0
1401892550 32.818315E+0
1401892552 32.814937E+0
1401892554 32.829625E+0
1401892556 32.790627E+0
1401892558 32.769414E+0
1401892560 32.740575E+0
1401892562 32.741420E+0
1401892564 32.691931E+0
1401892566 32.666495E+0
1401892568 32.645282E+0
1401892570 32.649248E+0
1401892572 32.680339E+0
1401892574 32.581949E+0
1401892576 32.643874E+0
1401892578 32.672713E+0
1401892580 32.709178E+0
1401892582 32.666214E+0
1401892584 32.628905E+0
1401892586 32.658307E+0
1401892588 32.663962E+0
1401892590 32.596100E+0
1401892592 32.584508E+0
1401892594 32.582230E+0
1401892596 32.604570E+0
1401892598 32.499962E+0
1401892600 32.497428E+0
1401892602 32.510427E+0
1401892604 32.538985E+0
1401892606 32.529645E+0
1401892608 32.538985E+0
1401892610 32.523990E+0
1401892612 32.525423E+0
1401892614 32.566698E+0
1401892616 32.595255E+0
1401892618 32.667058E+0
1401892620 32.683742E+0
1401892622 32.629468E+0
1401892624 32.661121E+0
1401892626 32.719081E+0
1401892628 32.722202E+0
1401892630 32.697893E+0
1401892632 32.643593E+0
1401892634 32.614473E+0
1401892636 32.550858E+0
1401892638 32.546329E+0
1401892640 32.561606E+0
1401892642 32.538703E+0
1401892644 32.564983E+0
1401892646 32.524834E+0
1401892648 32.552547E+0
1401892650 32.516364E+0
1401892652 32.566416E+0
1401892654 32.546329E+0
1401892656 32.557921E+0
1401892658 32.555106E+0
1401892660 32.557639E+0
1401892662 32.490647E+0
1401892664 32.515520E+0
1401892666 32.556513E+0
1401892668 32.623531E+0
1401892670 32.671587E+0
1401892672 32.710329E+0
1401892674 32.779317E+0
1401892676 32.845746E+0
1401892678 32.861867E+0
1401892680 32.864682E+0
1401892682 32.855086E+0
1401892684 32.897769E+0
1401892686 32.934540E+0
1401892688 32.955165E+0
1401892690 32.975816E+0
1401892692 32.951787E+0
1401892694 32.989096E+0
1401892696 32.976660E+0
1401892698 32.945851E+0
1401892700 32.882211E+0
1401892702 32.855368E+0
1401892704 32.814093E+0
1401892706 32.774225E+0
1401892708 32.749608E+0
1401892710 32.747919E+0
1401892712 32.744260E+0
1401892714 32.706926E+0
1401892716 32.693082E+0
1401892718 32.628905E+0
1401892720 32.632282E+0
1401892722 32.619846E+0
1401892724 32.582512E+0
1401892726 32.563857E+0
1401892728 32.536733E+0
1401892730 32.550858E+0
1401892732 32.561887E+0
1401892734 32.592415E+0
1401892736 32.619565E+0
1401892738 32.620409E+0
1401892740 32.587323E+0
1401892742 32.612221E+0
1401892744 32.647841E+0
1401892746 32.578008E+0
1401892748 32.627190E+0
1401892750 32.609662E+0
1401892752 32.609380E+0
1401892754 32.522864E+0
1401892756 32.555669E+0
1401892758 32.504491E+0
1401892760 32.421941E+0
1401892762 32.486962E+0
1401892764 32.500525E+0
1401892766 32.508457E+0
1401892768 32.496865E+0
1401892770 32.505617E+0
1401892772 32.479900E+0
1401892774 32.410912E+0
1401892776 32.405257E+0
1401892778 32.377262E+0
1401892780 32.367359E+0
1401892782 32.352953E+0
1401892784 32.338239E+0
1401892786 32.319303E+0
1401892788 32.350957E+0
1401892790 32.367359E+0
1401892792 32.410349E+0
1401892794 32.321273E+0
1401892796 32.349549E+0
1401892798 32.341079E+0
1401892800 32.310808E+0
1401892802 32.328899E+0
1401892804 32.324114E+0
1401892806 32.335987E+0
1401892808 32.340491E+0
1401892810 32.362267E+0
1401892812 32.399038E+0
1401892814 32.302619E+0
1401892816 32.320148E+0
1401892818 32.307148E+0
1401892820 32.309400E+0
1401892822 32.358889E+0
1401892824 32.259937E+0
1401892826 32.325521E+0
1401892828 32.349549E+0
1401892830 32.389980E+0
1401892832 32.408916E+0
1401892834 32.427033E+0
1401892836 32.407227E+0
1401892838 32.349831E+0
1401892840 32.302056E+0
1401892842 32.294123E+0
1401892844 32.257659E+0
1401892846 32.252004E+0
1401892848 32.282813E+0
1401892850 32.213544E+0
1401892852 32.217229E+0
1401892854 32.172269E+0
1401892856 32.151081E+0
1401892858 32.149648E+0
1401892860 32.196015E+0
1401892862 32.200826E+0
1401892864 32.196297E+0
1401892866 32.179920E+0
1401892868 32.217510E+0
1401892870 32.187545E+0
1401892872 32.140615E+0
1401892874 32.134960E+0
1401892876 32.159551E+0
1401892878 32.221476E+0
1401892880 32.245223E+0
1401892882 32.286779E+0
1401892884 32.297245E+0
1401892886 32.352671E+0
1401892888 32.346735E+0
1401892890 32.317307E+0
1401892892 32.298653E+0
1401892894 32.281124E+0
1401892896 32.206481E+0
1401892898 32.178768E+0
1401892900 32.148804E+0
1401892902 32.139489E+0
1401892904 32.169172E+0
1401892906 32.185293E+0
1401892908 32.229383E+0
1401892910 32.262470E+0
1401892912 32.308556E+0
1401892914 32.246912E+0
1401892916 32.212981E+0
1401892918 32.178768E+0
1401892920 32.141459E+0
1401892922 32.137493E+0
1401892924 32.134115E+0
1401892926 32.059754E+0
1401892928 32.018479E+0
1401892930 32.016201E+0
1401892932 32.015920E+0
1401892934 32.038822E+0
1401892936 31.986518E+0
1401892938 31.999799E+0
1401892940 31.973519E+0
1401892942 31.965586E+0
1401892944 31.901409E+0
1401892946 31.943273E+0
1401892948 31.989077E+0
1401892950 31.968427E+0
1401892952 31.965305E+0
1401892954 31.917249E+0
1401892956 31.917812E+0
1401892958 31.950054E+0
1401892960 32.009139E+0
1401892962 32.030352E+0
1401892964 32.081811E+0
1401892966 32.047599E+0
1401892968 32.034856E+0
1401892970 32.009983E+0
1401892972 32.061724E+0
1401892974 32.071909E+0
1401892976 32.117150E+0
1401892978 32.117994E+0
1401892980 32.106121E+0
1401892982 32.119402E+0
1401892984 32.143148E+0
1401892986 32.126746E+0
1401892988 32.153896E+0
1401892990 32.112902E+0
1401892992 32.107528E+0
1401892994 32.158425E+0
1401892996 32.151644E+0
1401892998 32.130994E+0
1401893000 32.143430E+0
1401893002 32.171706E+0
1401893004 32.167765E+0
1401893006 32.160958E+0
1401893008 32.140052E+0
1401893010 32.084063E+0
1401893012 32.022419E+0
1401893014 31.998673E+0
1401893016 32.030915E+0
1401893018 31.992173E+0
1401893020 32.008576E+0
1401893022 32.030071E+0
1401893024 32.012261E+0
1401893026 32.001795E+0
1401893028 31.945243E+0
1401893030 31.921215E+0
1401893032 31.890380E+0
1401893034 31.899157E+0
1401893036 31.927152E+0
1401893038 31.924030E+0
1401893040 31.937336E+0
1401893042 31.945806E+0
1401893044 31.961646E+0
1401893046 31.959087E+0
1401893048 31.966738E+0
1401893050 32.016483E+0
1401893052 32.057195E+0
1401893054 32.069657E+0
1401893056 32.099621E+0
1401893058 32.078127E+0
1401893060 32.123087E+0
1401893062 32.112339E+0
1401893064 32.123368E+0
1401893066 32.167458E+0
1401893068 32.195734E+0
1401893070 32.227413E+0
1401893072 32.224010E+0
1401893074 32.208759E+0
1401893076 32.207326E+0
1401893078 32.195734E+0
1401893080 32.232505E+0
1401893082 32.253974E+0
1401893084 32.283120E+0
1401893086 32.241257E+0
1401893088 32.175953E+0
1401893090 32.202259E+0
1401893092 32.166050E+0
1401893094 32.155022E+0
1401893096 32.163236E+0
1401893098 32.180483E+0
1401893100 32.235320E+0
1401893102 32.192919E+0
1401893104 32.167765E+0
1401893106 32.170298E+0
1401893108 32.205074E+0
1401893110 32.134115E+0
1401893112 32.081811E+0
1401893114 32.036289E+0
1401893116 32.017327E+0
1401893118 32.008294E+0
1401893120 32.018760E+0
1401893122 32.019605E+0
1401893124 32.024134E+0
1401893126 32.024978E+0
1401893128 32.034574E+0
1401893130 32.037133E+0
1401893132 32.050977E+0
1401893134 32.080660E+0
1401893136 32.115717E+0
1401893138 32.157581E+0
1401893140 32.185293E+0
1401893142 32.205355E+0
1401893144 32.177642E+0
1401893146 32.164362E+0
1401893148 32.181046E+0
1401893150 32.174265E+0
1401893152 32.218636E+0
1401893154 32.245223E+0
1401893156 32.218073E+0
1401893158 32.182172E+0
1401893160 32.177361E+0
1401893162 32.129586E+0
1401893164 32.133271E+0
1401893166 32.147396E+0
1401893168 32.186982E+0
1401893170 32.224573E+0
1401893172 32.250878E+0
1401893174 32.291027E+0
1401893176 32.328055E+0
1401893178 32.326647E+0
1401893180 32.322962E+0
1401893182 32.302338E+0
1401893184 32.315055E+0
1401893186 32.334554E+0
1401893188 32.335987E+0
1401893190 32.327492E+0
1401893192 32.332302E+0
1401893194 32.319866E+0
1401893196 32.327773E+0
1401893198 32.318459E+0
1401893200 32.286498E+0
1401893202 32.305715E+0
1401893204 32.357456E+0
1401893206 32.362830E+0
1401893208 32.360297E+0
1401893210 32.379796E+0
1401893212 32.412319E+0
1401893214 32.372733E+0
1401893216 32.358608E+0
1401893218 32.293842E+0
1401893220 32.321555E+0
1401893222 32.298934E+0
1401893224 32.273217E+0
1401893226 32.197448E+0
1401893228 32.209040E+0
1401893230 32.184423E+0
1401893232 32.145426E+0
1401893234 32.079534E+0
1401893236 32.034011E+0
1401893238 31.989921E+0
1401893240 31.991892E+0
1401893242 32.031759E+0
1401893244 32.011672E+0
1401893246 31.993862E+0
1401893248 31.908779E+0
1401893250 31.974363E+0
1401893252 31.960238E+0
1401893254 31.995014E+0
1401893256 32.026104E+0
1401893258 32.007731E+0
1401893260 32.063132E+0
1401893262 32.053817E+0
1401893264 32.078971E+0
1401893266 32.085752E+0
1401893268 32.136930E+0
1401893270 32.153333E+0
1401893272 32.144863E+0
1401893274 32.132682E+0
1401893276 32.157581E+0
1401893278 32.171143E+0
1401893280 32.168891E+0
1401893282 32.170017E+0
1401893284 32.183016E+0
1401893286 32.121372E+0
1401893288 32.094248E+0
1401893290 32.127616E+0
1401893292 32.127897E+0
1401893294 32.123087E+0
1401893296 32.108373E+0
1401893298 32.119120E+0
1401893300 32.155866E+0
1401893302 32.140615E+0
1401893304 32.153051E+0
1401893306 32.157862E+0
1401893308 32.165488E+0
1401893310 32.088874E+0
1401893312 32.100466E+0
1401893314 32.063694E+0
1401893316 32.081811E+0
1401893318 32.068224E+0
1401893320 32.072472E+0
1401893322 32.020731E+0
1401893324 31.995577E+0
1401893326 31.963897E+0
1401893328 31.951461E+0
1401893330 31.907064E+0
1401893332 31.888973E+0
1401893334 31.802738E+0
1401893336 31.755808E+0
1401893338 31.753275E+0
1401893340 31.759493E+0
1401893342 31.728939E+0
1401893344 31.745060E+0
1401893346 31.770240E+0
1401893348 31.848824E+0
1401893350 31.856756E+0
1401893352 31.893784E+0
1401893354 31.857038E+0
1401893356 31.905094E+0
1401893358 31.922341E+0
1401893360 31.926307E+0
1401893362 31.904531E+0
1401893364 31.924311E+0
1401893366 31.965868E+0
1401893368 31.991892E+0
1401893370 31.950617E+0
1401893372 31.969553E+0
1401893374 31.958242E+0
1401893376 31.994144E+0
1401893378 31.997547E+0
1401893380 32.004047E+0
1401893382 31.979174E+0
1401893384 31.990766E+0
1401893386 31.981707E+0
1401893388 32.000950E+0
1401893390 31.959087E+0
1401893392 31.967019E+0
1401893394 31.936466E+0
1401893396 31.857038E+0
1401893398 31.825640E+0
1401893400 31.816019E+0
1401893402 31.771929E+0
1401893404 31.773899E+0
1401893406 31.786054E+0
1401893408 31.818578E+0
1401893410 31.816889E+0
1401893412 31.815456E+0
1401893414 31.869756E+0
1401893416 31.907346E+0
1401893418 31.894628E+0
1401893420 31.942403E+0
1401893422 32.016483E+0
1401893424 32.051258E+0
1401893426 32.104125E+0
1401893428 32.116024E+0
1401893430 32.081249E+0
1401893432 32.093403E+0
1401893434 32.043351E+0
1401893436 32.027793E+0
1401893438 32.016483E+0
1401893440 31.967019E+0
1401893442 31.932244E+0
1401893444 31.960520E+0
1401893446 31.983985E+0
1401893448 31.993862E+0
1401893450 31.913282E+0
1401893452 31.927152E+0
1401893454 31.868067E+0
1401893456 31.772210E+0
1401893458 31.780399E+0
1401893460 31.810389E+0
1401893462 31.739124E+0
1401893464 31.774462E+0
1401893466 31.718218E+0
1401893468 31.704348E+0
1401893470 31.695008E+0
1401893472 31.668729E+0
1401893474 31.664199E+0
1401893476 31.663073E+0
1401893478 31.682009E+0
1401893480 31.699538E+0
1401893482 31.678069E+0
1401893484 31.676917E+0
1401893486 31.696160E+0
1401893488 31.755245E+0
1401893490 31.757778E+0
1401893492 31.804145E+0
1401893494 31.858164E+0
1401893496 31.896598E+0
1401893498 31.877381E+0
1401893500 31.921496E+0
1401893502 31.942121E+0
1401893504 31.865226E+0
1401893506 31.859008E+0
1401893508 31.810671E+0
1401893510 31.791709E+0
1401893512 31.861823E+0
1401893514 31.881910E+0
1401893516 31.935622E+0
1401893518 31.953713E+0
1401893520 31.932525E+0
1401893522 31.988207E+0
1401893524 31.993581E+0
1401893526 31.959650E+0
1401893528 31.992173E+0
1401893530 31.991892E+0
1401893532 31.998110E+0
1401893534 31.989640E+0
1401893536 32.010828E+0
1401893538 32.009702E+0
1401893540 32.023852E+0
1401893542 32.066253E+0
1401893544 31.984548E+0
1401893546 31.959087E+0
1401893548 31.927715E+0
1401893550 31.917249E+0
1401893552 31.907909E+0
1401893554 31.909342E+0
1401893556 31.926589E+0
1401893558 31.940995E+0
1401893560 31.883036E+0
1401893562 31.842043E+0
1401893564 31.807549E+0
1401893566 31.845446E+0
1401893568 31.864663E+0
1401893570 31.879070E+0
1401893572 31.878225E+0
1401893574 31.839509E+0
1401893576 31.835825E+0
1401893578 31.829888E+0
1401893580 31.819422E+0
1401893582 31.811796E+0
1401893584 31.755808E+0
1401893586 31.786898E+0
1401893588 31.789176E+0
1401893590 31.810952E+0
1401893592 31.768807E+0
1401893594 31.740813E+0
1401893596 31.766837E+0
1401893598 31.757778E+0
1401893600 31.761463E+0
1401893602 31.771084E+0
1401893604 31.797083E+0
1401893606 31.827636E+0
1401893608 31.891813E+0
1401893610 31.914152E+0
1401893612 31.944680E+0
1401893614 31.925437E+0
1401893616 31.960238E+0
1401893618 31.937899E+0
1401893620 31.933651E+0
1401893622 31.941277E+0
1401893624 31.990484E+0
1401893626 31.982833E+0
1401893628 31.971830E+0
1401893630 31.961927E+0
1401893632 31.948928E+0
1401893634 31.950617E+0
1401893636 31.898876E+0
1401893638 31.847135E+0
1401893640 31.832140E+0
1401893642 31.815456E+0
1401893644 31.819985E+0
1401893646 31.783521E+0
1401893648 31.728939E+0
1401893650 31.709722E+0
1401893652 31.730935E+0
1401893654 31.736309E+0
1401893656 31.741683E+0
1401893658 31.722440E+0
1401893660 31.720751E+0
1401893662 31.736590E+0
1401893664 31.770240E+0
1401893666 31.818859E+0
1401893668 31.808112E+0
1401893670 31.825359E+0
1401893672 31.845727E+0
1401893674 31.850820E+0
1401893676 31.862411E+0
1401893678 31.860697E+0
1401893680 31.851383E+0
1401893682 31.864663E+0
1401893684 31.836388E+0
1401893686 31.804145E+0
1401893688 31.770803E+0
1401893690 31.789176E+0
1401893692 31.757215E+0
1401893694 31.730935E+0
1401893696 31.736590E+0
1401893698 31.711692E+0
1401893700 31.709159E+0
1401893702 31.687383E+0
1401893704 31.650356E+0
1401893706 31.665607E+0
1401893708 31.693883E+0
1401893710 31.701815E+0
1401893712 31.695597E+0
1401893714 31.697286E+0
1401893716 31.695597E+0
1401893718 31.669010E+0
1401893720 31.686820E+0
1401893722 31.684568E+0
1401893724 31.672976E+0
1401893726 31.650074E+0
1401893728 31.665325E+0
1401893730 31.652608E+0
1401893732 31.647515E+0
1401893734 31.657137E+0
1401893736 31.685413E+0
1401893738 31.672976E+0
1401893740 31.716503E+0
1401893742 31.695315E+0
1401893744 31.670699E+0
1401893746 31.671543E+0
1401893748 31.692475E+0
1401893750 31.691631E+0
1401893752 31.702941E+0
1401893754 31.710004E+0
1401893756 31.718218E+0
1401893758 31.749871E+0
1401893760 31.754119E+0
1401893762 31.743653E+0
1401893764 31.740813E+0
1401893766 31.712844E+0
1401893768 31.654015E+0
1401893770 31.621798E+0
1401893772 31.639045E+0
1401893774 31.621798E+0
1401893776 31.622080E+0
1401893778 31.587867E+0
1401893780 31.628298E+0
1401893782 31.615017E+0
1401893784 31.595774E+0
1401893786 31.624332E+0
1401893789 31.615017E+0
1401893791 31.625176E+0
1401893793 31.644701E+0
1401893795 31.628298E+0
1401893797 31.688227E+0
1401893799 31.717629E+0
1401893801 31.710285E+0
1401893803 31.726125E+0
1401893805 31.750434E+0
1401893807 31.730091E+0
1401893809 31.726688E+0
1401893811 31.686538E+0
1401893813 31.684287E+0
1401893815 31.692194E+0
1401893817 31.685413E+0
1401893819 31.672413E+0
1401893821 31.708033E+0
1401893823 31.699819E+0
1401893825 31.710004E+0
1401893827 31.667603E+0
1401893829 31.637049E+0
1401893831 31.617269E+0
1401893833 31.643856E+0
1401893835 31.596619E+0
1401893837 31.618958E+0
1401893839 31.666758E+0
1401893841 31.726406E+0
1401893843 31.747338E+0
1401893845 31.739968E+0
1401893847 31.765992E+0
1401893849 31.749027E+0
1401893851 31.739687E+0
1401893853 31.753837E+0
1401893855 31.743372E+0
1401893857 31.745905E+0
1401893859 31.711692E+0
1401893861 31.717348E+0
1401893863 31.724154E+0
1401893865 31.702941E+0
1401893867 31.674947E+0
1401893869 31.648641E+0
1401893871 31.637638E+0
1401893873 31.650074E+0
1401893875 31.647515E+0
1401893877 31.643856E+0
1401893879 31.654885E+0
1401893881 31.627172E+0
1401893883 31.610488E+0
1401893885 31.584464E+0
1401893887 31.597207E+0
1401893889 31.550815E+0
1401893891 31.528220E+0
1401893893 31.553655E+0
1401893895 31.529627E+0
1401893897 31.494570E+0
1401893899 31.510691E+0
1401893901 31.575713E+0
1401893903 31.589838E+0
1401893905 31.636486E+0
1401893907 31.633953E+0
1401893909 31.633953E+0
1401893911 31.631113E+0
1401893913 31.636205E+0
1401893915 31.696441E+0
1401893917 31.719062E+0
1401893919 31.796801E+0
1401893921 31.817170E+0
1401893923 31.794550E+0
1401893925 31.860979E+0
1401893927 31.804427E+0
1401893929 31.812641E+0
1401893931 31.700664E+0
1401893933 31.647234E+0
1401893935 31.625458E+0
1401893937 31.690223E+0
1401893939 31.671543E+0
1401893941 31.696160E+0
1401893943 31.743935E+0
1401893945 31.785210E+0
1401893947 31.796238E+0
1401893949 31.811796E+0
1401893951 31.855042E+0
1401893953 31.867197E+0
1401893955 31.881910E+0
1401893957 31.826203E+0
1401893959 31.827329E+0
1401893961 31.809801E+0
1401893963 31.842043E+0
1401893965 31.888410E+0
1401893967 31.903968E+0
1401893969 31.870318E+0
1401893971 31.937029E+0
1401893973 31.986518E+0
1401893975 32.000950E+0
1401893977 32.017916E+0
1401893979 31.973237E+0
1401893981 31.976615E+0
1401893983 31.961646E+0
1401893985 31.944117E+0
1401893987 31.937029E+0
1401893989 31.890099E+0
1401893991 31.899720E+0
1401893993 31.888128E+0
1401893995 31.931399E+0
1401893997 31.927152E+0
1401893999 31.918375E+0
1401894001 31.957116E+0
1401894003 31.984548E+0
1401894005 32.018197E+0
1401894007 32.059754E+0
1401894009 32.071346E+0
1401894011 32.093685E+0
1401894013 32.055506E+0
1401894015 32.087185E+0
1401894017 32.079816E+0
1401894019 32.041944E+0
1401894021 32.054380E+0
1401894023 32.015638E+0
1401894025 32.036852E+0
1401894027 32.005735E+0
1401894029 31.954865E+0
1401894031 31.833266E+0
1401894033 31.834980E+0
1401894035 31.855605E+0
1401894037 31.912438E+0
1401894039 31.847135E+0
1401894041 31.861823E+0
1401894043 31.813767E+0
1401894045 31.747338E+0
1401894047 31.748464E+0
1401894049 31.685976E+0
1401894051 31.673821E+0
1401894053 31.604833E+0
1401894055 31.549689E+0
1401894057 31.589838E+0
1401894059 31.594930E+0
1401894061 31.601430E+0
1401894063 31.609081E+0
1401894065 31.650637E+0
1401894067 31.644982E+0
1401894069 31.625176E+0
1401894071 31.629142E+0
1401894073 31.581368E+0
1401894075 31.607085E+0
1401894077 31.634798E+0
1401894079 31.672413E+0
1401894081 31.653452E+0
1401894083 31.622643E+0
1401894085 31.596056E+0
1401894087 31.611333E+0
1401894089 31.599741E+0
1401894091 31.613866E+0
1401894093 31.564121E+0
1401894095 31.517754E+0
1401894097 31.532160E+0
1401894099 31.529345E+0
1401894101 31.551122E+0
1401894103 31.555907E+0
1401894105 31.567499E+0
1401894107 31.602555E+0
1401894109 31.636768E+0
1401894111 31.682572E+0
1401894113 31.688227E+0
1401894115 31.680883E+0
1401894117 31.700101E+0
1401894119 31.695315E+0
1401894121 31.695315E+0
1401894123 31.685976E+0
1401894125 31.701534E+0
1401894127 31.673539E+0
1401894129 31.672976E+0
1401894131 31.693320E+0
1401894133 31.746749E+0
1401894135 31.762026E+0
1401894137 31.779273E+0
1401894139 31.780399E+0
1401894141 31.791991E+0
1401894143 31.775307E+0
1401894145 31.803301E+0
1401894147 31.772210E+0
1401894149 31.777021E+0
1401894151 31.807830E+0
1401894153 31.854197E+0
1401894155 31.849950E+0
1401894157 31.823670E+0
1401894159 31.828481E+0
1401894161 31.814048E+0
1401894163 31.804145E+0
1401894165 31.771647E+0
1401894167 31.743935E+0
1401894169 31.754119E+0
1401894171 31.741094E+0
1401894173 31.765992E+0
1401894175 31.729221E+0
1401894177 31.703785E+0
1401894179 31.708315E+0
1401894181 31.692194E+0
1401894183 31.695597E+0
1401894185 31.687664E+0
1401894187 31.670417E+0
1401894189 31.699538E+0
1401894191 31.661385E+0
1401894193 31.692194E+0
1401894195 31.672413E+0
1401894197 31.636768E+0
1401894199 31.688509E+0
1401894201 31.702378E+0
1401894203 31.713688E+0
1401894205 31.723284E+0
1401894207 31.737716E+0
1401894209 31.763152E+0
1401894211 31.747338E+0
1401894213 31.729502E+0
1401894215 31.736590E+0
1401894217 31.755526E+0
1401894219 31.732906E+0
1401894221 31.658544E+0
1401894223 31.670417E+0
1401894225 31.677787E+0
1401894227 31.647515E+0
1401894229 31.647515E+0
1401894231 31.613584E+0
1401894233 31.642423E+0
1401894235 31.621798E+0
1401894237 31.672132E+0
1401894239 31.631701E+0
1401894241 31.634235E+0
1401894243 31.597207E+0
1401894245 31.631113E+0
1401894247 31.652608E+0
1401894249 31.653452E+0
1401894251 31.681446E+0
1401894253 31.702097E+0
1401894255 31.666758E+0
1401894257 31.695597E+0
1401894259 31.667884E+0
1401894261 31.673539E+0
1401894263 31.672695E+0
1401894265 31.709722E+0
1401894267 31.727532E+0
1401894269 31.758648E+0
1401894271 31.728658E+0
1401894273 31.733750E+0
1401894275 31.744779E+0
1401894277 31.788613E+0
1401894279 31.785210E+0
1401894281 31.790865E+0
1401894283 31.766555E+0
1401894285 31.742246E+0
1401894287 31.793705E+0
1401894289 31.788613E+0
1401894291 31.835262E+0
1401894293 31.852790E+0
1401894295 31.838358E+0
1401894297 31.811234E+0
1401894299 31.812641E+0
1401894301 31.812641E+0
1401894303 31.783521E+0
1401894305 31.800205E+0
1401894307 31.800205E+0
1401894309 31.820829E+0
1401894311 31.786617E+0
1401894313 31.796801E+0
1401894315 31.817170E+0
1401894317 31.802738E+0
1401894319 31.812922E+0
1401894321 31.846290E+0
1401894323 31.840072E+0
1401894325 31.847135E+0
1401894327 31.821981E+0
1401894329 31.798490E+0
1401894331 31.769370E+0
1401894333 31.771647E+0
1401894335 31.743090E+0
1401894337 31.743372E+0
1401894339 31.770240E+0
1401894341 31.762589E+0
1401894343 31.724999E+0
1401894345 31.716222E+0
1401894347 31.693320E+0
1401894349 31.712255E+0
1401894351 31.689379E+0
1401894353 31.686538E+0
1401894355 31.718781E+0
1401894357 31.758930E+0
1401894359 31.751842E+0
1401894361 31.745342E+0
1401894363 31.739405E+0
1401894365 31.710285E+0
1401894367 31.765711E+0
1401894369 31.772210E+0
1401894371 31.800486E+0
1401894373 31.834417E+0
1401894375 31.825359E+0
1401894377 31.798490E+0
1401894379 31.823670E+0
1401894381 31.756934E+0
1401894383 31.707752E+0
1401894385 31.706907E+0
1401894387 31.728376E+0
1401894389 31.681728E+0
1401894391 31.734032E+0
1401894393 31.746749E+0
1401894395 31.758060E+0
1401894397 31.733187E+0
1401894399 31.759493E+0
1401894401 31.818859E+0
1401894403 31.895191E+0
1401894405 31.843169E+0
1401894407 31.771084E+0
1401894409 31.781832E+0
1401894411 31.748745E+0
1401894413 31.792272E+0
1401894415 31.799923E+0
1401894417 31.803019E+0
1401894419 31.758930E+0
1401894421 31.739405E+0
1401894423 31.758341E+0
1401894425 31.716222E+0
1401894427 31.749308E+0
1401894429 31.724154E+0
1401894431 31.670136E+0
1401894433 31.666170E+0
1401894435 31.693601E+0
1401894437 31.676917E+0
1401894439 31.671543E+0
1401894441 31.649511E+0
1401894443 31.639327E+0
1401894445 31.625739E+0
1401894447 31.655166E+0
1401894449 31.688227E+0
1401894451 31.695315E+0
1401894453 31.722721E+0
1401894455 31.732343E+0
1401894457 31.784365E+0
1401894459 31.813485E+0
1401894461 31.803301E+0
1401894463 31.795112E+0
1401894465 31.796238E+0
1401894467 31.800205E+0
1401894469 31.771647E+0
1401894471 31.743090E+0
1401894473 31.780680E+0
1401894475 31.795394E+0
1401894477 31.756089E+0
1401894479 31.770240E+0
1401894481 31.767681E+0
1401894483 31.750434E+0
1401894485 31.752712E+0
1401894487 31.752712E+0
1401894489 31.723873E+0
1401894491 31.743372E+0
1401894493 31.776458E+0
1401894495 31.773336E+0
1401894497 31.776458E+0
1401894499 31.807549E+0
1401894501 31.794268E+0
1401894503 31.806704E+0
1401894505 31.833573E+0
1401894507 31.860697E+0
1401894509 31.834417E+0
1401894511 31.834136E+0
1401894513 31.835825E+0
1401894515 31.846290E+0
1401894517 31.832140E+0
1401894519 31.821981E+0
1401894521 31.848261E+0
1401894523 31.847979E+0
1401894525 31.878225E+0
1401894527 31.844857E+0
1401894529 31.841761E+0
1401894531 31.884162E+0
1401894533 31.898876E+0
1401894535 31.891250E+0
1401894537 31.853634E+0
1401894539 31.853634E+0
1401894541 31.851101E+0
1401894543 31.843732E+0
1401894545 31.812078E+0
1401894547 31.794268E+0
1401894549 31.810952E+0
1401894551 31.814048E+0
1401894553 31.834980E+0
1401894555 31.841198E+0
1401894557 31.838358E+0
1401894559 31.829888E+0
1401894561 31.827048E+0
1401894563 31.818578E+0
1401894565 31.812641E+0
1401894567 31.818015E+0
1401894569 31.810952E+0
1401894571 31.793424E+0
1401894573 31.789457E+0
1401894575 31.762589E+0
1401894577 31.772773E+0
1401894579 31.782676E+0
1401894581 31.787180E+0
1401894583 31.765429E+0
1401894585 31.778991E+0
1401894587 31.812078E+0
1401894589 31.857601E+0
1401894591 31.868067E+0
1401894593 31.803301E+0
1401894595 31.836388E+0
1401894597 31.856756E+0
1401894599 31.869756E+0
1401894601 31.846009E+0
1401894603 31.899157E+0
1401894605 31.881629E+0
1401894607 31.834699E+0
1401894609 31.852227E+0
1401894611 31.893221E+0
1401894613 31.874003E+0
1401894615 31.854760E+0
1401894617 31.868348E+0
1401894619 31.874003E+0
1401894621 31.857038E+0
1401894623 31.854197E+0
1401894625 31.841198E+0
1401894627 31.835543E+0
1401894629 31.831295E+0
1401894631 31.811515E+0
1401894633 31.814893E+0
1401894635 31.843450E+0
1401894637 31.854197E+0
1401894639 31.851383E+0
1401894641 31.850820E+0
1401894643 31.860416E+0
1401894645 31.831577E+0
1401894647 31.863256E+0
1401894649 31.878507E+0
1401894651 31.933933E+0
1401894653 31.962209E+0
1401894655 31.952024E+0
1401894657 31.988770E+0
1401894659 32.027793E+0
1401894661 32.028075E+0
1401894663 31.993299E+0
1401894665 31.990484E+0
1401894667 32.020168E+0
1401894669 32.016483E+0
1401894671 32.038259E+0
1401894673 32.038822E+0
1401894675 32.025260E+0
1401894677 32.047036E+0
1401894679 32.047880E+0
1401894681 32.076438E+0
1401894683 32.065127E+0
1401894685 32.061161E+0
1401894687 32.046166E+0
1401894689 32.049288E+0
1401894691 32.040792E+0
1401894693 32.028356E+0
1401894695 32.021856E+0
1401894697 32.034011E+0
1401894699 32.046448E+0
1401894701 32.032885E+0
1401894703 31.998954E+0
1401894705 32.008857E+0
1401894707 32.033730E+0
1401894709 31.991610E+0
1401894711 31.994144E+0
1401894713 32.013387E+0
1401894715 32.015920E+0
1401894717 31.978893E+0
1401894719 32.000950E+0
1401894721 31.983985E+0
1401894723 31.991329E+0
1401894725 32.002358E+0
1401894727 32.013949E+0
1401894729 32.011672E+0
1401894731 32.030071E+0
1401894733 31.980581E+0
1401894735 31.996421E+0
1401894737 31.987081E+0
1401894739 32.011109E+0
1401894741 32.011391E+0
1401894743 32.023264E+0
1401894745 32.071909E+0
1401894747 32.074723E+0
1401894749 32.075875E+0
1401894751 32.068224E+0
1401894753 32.085752E+0
1401894755 32.086315E+0
1401894757 32.116024E+0
1401894759 32.046166E+0
1401894761 32.047036E+0
1401894763 32.027512E+0
1401894765 32.052103E+0
1401894767 32.060880E+0
1401894769 32.091126E+0
1401894771 32.104125E+0
1401894773 32.082656E+0
1401894775 32.115154E+0
1401894777 32.135241E+0
1401894779 32.140052E+0
1401894781 32.029201E+0
1401894783 32.045322E+0
1401894785 32.077564E+0
1401894787 32.064846E+0
1401894789 32.071627E+0
1401894791 32.043633E+0
1401894793 32.016764E+0
1401894795 32.071909E+0
1401894797 32.050977E+0
1401894799 32.077282E+0
1401894801 32.074723E+0
1401894803 32.031759E+0
1401894805 32.018197E+0
1401894807 32.021294E+0
1401894809 32.056913E+0
1401894811 32.087748E+0
1401894813 32.073316E+0
1401894815 32.091689E+0
1401894817 32.097063E+0
1401894819 32.101873E+0
1401894821 32.114028E+0
1401894823 32.130712E+0
1401894825 32.139489E+0
1401894827 32.151644E+0
1401894829 32.144863E+0
1401894831 32.110650E+0
1401894833 32.097063E+0
1401894835 32.134115E+0
1401894837 32.135523E+0
1401894839 32.130149E+0
1401894841 32.142022E+0
1401894843 32.141178E+0
1401894845 32.171424E+0
1401894847 32.185575E+0
1401894849 32.172269E+0
1401894851 32.134397E+0
1401894853 32.127897E+0
1401894855 32.159832E+0
1401894857 32.171706E+0
1401894859 32.186701E+0
1401894861 32.165769E+0
1401894863 32.176235E+0
1401894865 32.191793E+0
1401894867 32.200826E+0
1401894869 32.196885E+0
1401894871 32.183860E+0
1401894873 32.190949E+0
1401894875 32.172832E+0
1401894877 32.153051E+0
1401894879 32.190079E+0
1401894881 32.135523E+0
1401894883 32.153333E+0
1401894885 32.161803E+0
1401894887 32.182172E+0
1401894889 32.196604E+0
1401894891 32.194326E+0
1401894893 32.173702E+0
1401894895 32.191230E+0
1401894897 32.190079E+0
1401894899 32.190949E+0
1401894901 32.194608E+0
1401894903 32.155022E+0
1401894905 32.145989E+0
1401894907 32.134678E+0
1401894909 32.171987E+0
1401894911 32.179638E+0
1401894913 32.196885E+0
1401894915 32.186138E+0
1401894917 32.177079E+0
1401894919 32.160114E+0
1401894921 32.182735E+0
1401894923 32.141178E+0
1401894925 32.099621E+0
1401894927 32.085471E+0
1401894929 32.112058E+0
1401894931 32.183579E+0
1401894933 32.217791E+0
1401894935 32.241538E+0
1401894937 32.240694E+0
1401894939 32.259348E+0
1401894941 32.246349E+0
1401894943 32.287061E+0
1401894945 32.289057E+0
1401894947 32.291872E+0
1401894949 32.309400E+0
1401894951 32.252285E+0
1401894953 32.291027E+0
1401894955 32.330050E+0
1401894957 32.278309E+0
1401894959 32.319303E+0
1401894961 32.324395E+0
1401894963 32.277465E+0
1401894965 32.241257E+0
1401894967 32.267562E+0
1401894969 32.216103E+0
1401894971 32.134960E+0
1401894973 32.162110E+0
1401894975 32.143993E+0
1401894977 32.115435E+0
1401894979 32.082656E+0
1401894981 32.074160E+0
1401894983 32.081530E+0
1401894985 32.119120E+0
1401894987 32.073034E+0
1401894989 32.056069E+0
1401894991 32.069350E+0
1401894993 32.060598E+0
1401894995 32.071627E+0
1401894997 32.096781E+0
1401894999 32.109499E+0
1401895001 32.110087E+0
1401895003 32.049851E+0
1401895005 32.052410E+0
1401895007 32.053536E+0
1401895009 32.097907E+0
1401895011 32.096500E+0
1401895013 32.051258E+0
1401895015 32.038822E+0
1401895017 32.049851E+0
1401895019 32.090563E+0
1401895021 32.061724E+0
1401895023 32.070501E+0
1401895025 32.096218E+0
1401895027 32.117713E+0
1401895029 32.129305E+0
1401895031 32.157862E+0
1401895033 32.201107E+0
1401895035 32.244378E+0
1401895037 32.238160E+0
1401895039 32.243815E+0
1401895041 32.260218E+0
Segmentation fault 32.192356E+0
1401895045 32.246349E+0
1401895047 32.234475E+0
1401895049 32.272936E+0
1401895051 32.247475E+0
1401895053 32.271810E+0
1401895055 32.281969E+0
1401895057 32.298371E+0
1401895059 32.312803E+0
1401895061 32.289338E+0
1401895063 32.267281E+0
1401895065 32.263314E+0
1401895067 32.299216E+0
1401895069 32.275751E+0
1401895071 32.285935E+0
1401895073 32.265285E+0
1401895075 32.278028E+0
1401895077 32.239568E+0
1401895079 32.243815E+0
1401895081 32.250878E+0
1401895083 32.272373E+0
1401895085 32.284809E+0
1401895087 32.291027E+0
1401895089 32.317026E+0
1401895091 32.293279E+0
1401895093 32.274343E+0
1401895095 32.231942E+0
1401895097 32.168609E+0
1401895099 32.166613E+0
1401895102 32.149648E+0
1401895104 32.149648E+0
1401895106 32.146833E+0
1401895108 32.155303E+0
1401895110 32.182453E+0
1401895112 32.199419E+0
1401895114 32.192075E+0
1401895116 32.100747E+0
1401895118 32.085752E+0
1401895120 32.065409E+0
1401895122 32.013387E+0
1401895124 32.060598E+0
1401895126 32.009420E+0
1401895128 32.062287E+0
1401895130 32.098188E+0
1401895132 32.132401E+0
1401895134 32.168891E+0
1401895136 32.179050E+0
1401895138 32.218073E+0
1401895140 32.254844E+0
1401895142 32.280843E+0
1401895144 32.258785E+0
1401895146 32.294123E+0
1401895148 32.302901E+0
1401895150 32.341079E+0
1401895152 32.337395E+0
1401895154 32.350957E+0
1401895156 32.350675E+0
1401895158 32.344739E+0
1401895160 32.307993E+0
1401895162 32.302338E+0
1401895164 32.295838E+0
1401895166 32.266155E+0
1401895168 32.289620E+0
1401895170 32.240412E+0
1401895172 32.155022E+0
1401895174 32.151644E+0
1401895176 32.189797E+0
1401895178 32.185856E+0
1401895180 32.138926E+0
1401895182 32.168328E+0
1401895184 32.236727E+0
1401895186 32.253130E+0
1401895188 32.223728E+0
1401895190 32.242690E+0
1401895192 32.245786E+0
1401895194 32.237597E+0
1401895196 32.225724E+0
1401895198 32.251441E+0
1401895200 32.206763E+0
1401895202 32.156736E+0
1401895204 32.129305E+0
1401895206 32.133271E+0
1401895208 32.171424E+0
1401895210 32.117994E+0
1401895212 32.145144E+0
1401895214 32.140052E+0
1401895216 32.178205E+0
1401895218 32.190642E+0
1401895220 32.164362E+0
1401895222 32.170861E+0
1401895224 32.194608E+0
1401895226 32.218917E+0
1401895228 32.202259E+0
1401895230 32.238160E+0
1401895232 32.255407E+0
1401895234 32.241538E+0
1401895236 32.190079E+0
1401895238 32.193482E+0
1401895240 32.214132E+0
1401895242 32.218636E+0
1401895244 32.147396E+0
1401895246 32.156173E+0
1401895248 32.125620E+0
1401895250 32.148804E+0
1401895252 32.205355E+0
1401895254 32.190360E+0
1401895256 32.176798E+0
1401895258 32.158988E+0
1401895260 32.142304E+0
1401895262 32.110087E+0
1401895264 32.076156E+0
1401895266 32.062850E+0
1401895268 31.994732E+0
1401895270 31.930248E+0
1401895272 31.977767E+0
1401895274 32.002076E+0
1401895276 32.002639E+0
1401895278 31.949772E+0
1401895280 31.961364E+0
1401895282 31.932807E+0
1401895284 31.905375E+0
1401895286 31.885007E+0
1401895288 31.898594E+0
1401895290 31.901972E+0
1401895292 31.885595E+0
1401895294 31.976615E+0
1401895296 32.031759E+0
1401895298 32.073879E+0
1401895300 32.109499E+0
1401895302 32.098188E+0
1401895304 32.117994E+0
1401895306 32.155022E+0
1401895308 32.192075E+0
1401895310 32.162673E+0
1401895312 32.192075E+0
1401895314 32.183860E+0
1401895316 32.171706E+0
1401895318 32.181609E+0
1401895320 32.203103E+0
1401895322 32.186138E+0
1401895324 32.178487E+0
1401895326 32.125338E+0
1401895328 32.127897E+0
1401895330 32.084626E+0
1401895332 32.040511E+0
1401895334 32.080379E+0
1401895336 32.078127E+0
1401895338 32.089156E+0
1401895340 32.112339E+0
1401895342 32.042225E+0
1401895344 31.987644E+0
1401895346 32.020449E+0
1401895348 32.047318E+0
1401895350 32.126746E+0
1401895352 32.133552E+0
1401895354 32.140896E+0
1401895356 32.138056E+0
1401895358 32.098496E+0
1401895360 32.092252E+0
1401895362 32.107528E+0
1401895364 32.102718E+0
1401895366 32.040511E+0
1401895368 32.000950E+0
1401895370 32.012261E+0
1401895372 31.979737E+0
1401895374 31.974926E+0
1401895376 31.971523E+0
1401895378 31.977767E+0
1401895380 31.975489E+0
1401895382 31.934777E+0
1401895384 31.957961E+0
1401895386 31.921778E+0
1401895388 31.894628E+0
1401895390 31.907346E+0
1401895392 31.894910E+0
1401895394 31.879351E+0
1401895396 31.838639E+0
1401895398 31.901128E+0
1401895400 31.924593E+0
1401895402 31.980300E+0
1401895404 32.008013E+0
1401895406 31.990203E+0
1401895408 31.937029E+0
1401895410 31.928278E+0
1401895412 31.919501E+0
1401895414 31.829888E+0
1401895416 31.723284E+0
1401895418 31.671825E+0
1401895420 31.731780E+0
1401895422 31.720188E+0
1401895424 31.819985E+0
1401895426 31.859853E+0
1401895428 31.865226E+0
1401895430 31.887847E+0
1401895432 31.863256E+0
1401895434 31.908190E+0
1401895436 31.850513E+0
1401895438 31.889536E+0
1401895440 31.944680E+0
1401895442 31.901691E+0
1401895444 31.893221E+0
1401895446 31.916686E+0
1401895448 31.941277E+0
1401895450 31.886158E+0
1401895452 31.963053E+0
1401895454 32.012261E+0
1401895456 32.094811E+0
1401895458 32.130431E+0
1401895460 32.141741E+0
1401895462 32.179050E+0
1401895464 32.186701E+0
1401895466 32.203948E+0
1401895468 32.190949E+0
1401895470 32.205918E+0
1401895472 32.202822E+0
1401895474 32.178768E+0
1401895476 32.266718E+0
1401895478 32.224291E+0
1401895480 32.252848E+0
1401895482 32.275469E+0
1401895484 32.255407E+0
1401895486 32.294712E+0
1401895488 32.325521E+0
1401895490 32.319303E+0
1401895492 32.307148E+0
1401895494 32.268407E+0
1401895496 32.202540E+0
1401895498 32.125338E+0
1401895500 32.124494E+0
1401895502 32.119402E+0
1401895504 32.140896E+0
1401895506 32.185856E+0
1401895508 32.189797E+0
1401895510 32.212981E+0
1401895512 32.161240E+0
1401895514 32.061443E+0
1401895516 32.095655E+0
1401895518 32.133271E+0
1401895520 32.129586E+0
1401895522 32.137493E+0
1401895524 32.081530E+0
1401895526 32.104432E+0
1401895528 32.113465E+0
1401895530 32.057476E+0
