1401891443 17.727891E+0
1401891445 17.728454E+0
1401891447 17.726765E+0
1401891449 17.725920E+0
1401891451 17.725050E+0
1401891453 17.724769E+0
1401891455 17.724769E+0
1401891457 17.719395E+0
1401891459 17.702738E+0
1401891461 17.669934E+0
1401891463 17.617632E+0
1401891465 17.546933E+0
1401891467 17.458169E+0
1401891469 17.353565E+0
1401891471 17.233968E+0
1401891473 17.101371E+0
1401891475 16.958309E+0
1401891477 16.806497E+0
1401891479 16.645345E+0
1401891481 16.478538E+0
1401891483 16.306639E+0
1401891485 16.130236E+0
1401891487 15.950994E+0
1401891489 15.767222E+0
1401891491 15.582888E+0
1401891493 15.395151E+0
1401891495 15.206851E+0
1401891497 15.017425E+0
1401891499 14.827155E+0
1401891501 14.636322E+0
1401891503 14.445489E+0
1401891505 14.253812E+0
1401891507 14.062672E+0
1401891509 13.872121E+0
1401891511 13.681852E+0
1401891513 13.491582E+0
1401891515 13.301595E+0
1401891517 13.112758E+0
1401891519 12.924178E+0
1401891521 12.737005E+0
1401891523 12.549576E+0
1401891525 12.363248E+0
1401891527 12.178071E+0
1401891529 11.993739E+0
1401891531 11.809970E+0
1401891533 11.627327E+0
1401891535 11.445835E+0
1401891537 11.265162E+0
1401891539 11.085359E+0
1401891541 10.906964E+0
1401891543 10.728850E+0
1401891545 10.552451E+0
1401891547 10.376870E+0
1401891549 10.202160E+0
1401891551 10.028294E+0
1401891553 9.855554E+0
1401891555 9.683914E+0
1401891557 9.513170E+0
1401891559 9.343245E+0
1401891561 9.174471E+0
1401891563 9.005979E+0
1401891565 8.839457E+0
1401891567 8.673499E+0
1401891569 8.507540E+0
1401891571 8.342451E+0
1401891573 8.178744E+0
1401891575 8.015063E+0
1401891577 7.853071E+0
1401891579 7.691923E+0
1401891581 7.531056E+0
1401891583 7.371597E+0
1401891585 7.212164E+0
1401891587 7.053242E+0
1401891589 6.896061E+0
1401891591 6.738598E+0
1401891593 6.582261E+0
1401891595 6.427050E+0
1401891597 6.272120E+0
1401891599 6.117754E+0
1401891601 5.964820E+0
1401891603 5.811579E+0
1401891605 5.660053E+0
1401891607 5.507938E+0
1401891609 5.357538E+0
1401891611 5.207982E+0
1401891613 5.058426E+0
1401891615 4.910585E+0
1401891617 4.762718E+0
1401891619 4.615721E+0
1401891621 4.469262E+0
1401891623 4.324209E+0
1401891625 4.178902E+0
1401891627 4.034719E+0
1401891629 3.891382E+0
1401891631 3.748326E+0
1401891633 3.606140E+0
1401891635 3.464209E+0
1401891637 3.323994E+0
1401891639 3.183471E+0
1401891641 3.044381E+0
1401891643 2.905291E+0
1401891645 2.767608E+0
1401891647 2.629926E+0
1401891649 2.493114E+0
1401891651 2.357120E+0
1401891653 2.221408E+0
1401891655 2.087129E+0
1401891657 1.952850E+0
1401891659 1.819415E+0
1401891661 1.686799E+0
1401891663 1.553927E+0
1401891665 1.422488E+0
1401891667 1.291306E+0
1401891669 1.161249E+0
1401891671 1.031217E+0
1401891673 901.441725E-3
1401891675 773.380614E-3
1401891677 645.038099E-3
1401891679 518.384349E-3
1401891681 390.860702E-3
1401891683 265.076991E-3
1401891685 139.267741E-3
1401891687 15.147251E-3
1401891689 -109.507953E-3
1401891691 -232.768643E-3
1401891693 -355.463826E-3
1401891695 -477.874954E-3
1401891697 -599.723134E-3
1401891699 -721.287259E-3
1401891701 -841.720418E-3
1401891703 -961.304061E-3
1401891705 -1.080903E+0
1401891707 -1.199640E+0
1401891709 -1.317811E+0
1401891711 -1.435698E+0
1401891713 -1.553022E+0
1401891715 -1.668647E+0
1401891717 -1.785124E+0
1401891719 -1.900468E+0
1401891721 -2.015246E+0
1401891723 -2.129459E+0
1401891725 -2.243106E+0
1401891727 -2.356190E+0
1401891729 -2.468706E+0
1401891731 -2.580091E+0
1401891733 -2.691761E+0
1401891735 -2.802580E+0
1401891737 -2.912837E+0
1401891739 -3.023091E+0
1401891741 -3.131933E+0
1401891743 -3.240775E+0
1401891745 -3.348767E+0
1401891747 -3.456477E+0
1401891749 -3.563339E+0
1401891751 -3.670218E+0
1401891753 -3.775667E+0
1401891755 -3.881397E+0
1401891757 -3.986280E+0
1401891759 -4.091447E+0
1401891761 -4.195200E+0
1401891763 -4.298102E+0
1401891765 -4.401008E+0
1401891767 -4.503629E+0
1401891769 -4.605969E+0
1401891771 -4.707175E+0
1401891773 -4.807818E+0
1401891775 -4.908743E+0
1401891777 -5.008256E+0
1401891779 -5.107484E+0
1401891781 -5.206712E+0
1401891783 -5.305659E+0
1401891785 -5.403756E+0
1401891787 -5.501854E+0
1401891789 -5.598823E+0
1401891791 -5.696071E+0
1401891793 -5.792755E+0
1401891795 -5.888875E+0
1401891797 -5.983863E+0
1401891799 -6.078568E+0
1401891801 -6.173556E+0
1401891803 -6.266564E+0
1401891805 -6.360719E+0
1401891807 -6.453445E+0
1401891809 -6.545888E+0
1401891811 -6.638049E+0
1401891813 -6.729360E+0
1401891815 -6.820956E+0
1401891817 -6.910855E+0
1401891819 -7.001319E+0
1401891821 -7.090937E+0
1401891823 -7.180271E+0
1401891825 -7.268755E+0
1401891827 -7.357242E+0
1401891829 -7.445444E+0
1401891831 -7.532800E+0
1401891833 -7.620153E+0
1401891835 -7.706943E+0
1401891837 -7.793166E+0
1401891839 -7.879109E+0
1401891841 -7.964484E+0
1401891843 -8.049859E+0
1401891845 -8.134104E+0
1401891847 -8.218632E+0
1401891849 -8.301746E+0
1401891851 -8.385708E+0
1401891853 -8.467972E+0
1401891855 -8.551654E+0
1401891857 -8.633352E+0
1401891859 -8.715618E+0
1401891861 -8.797038E+0
1401891863 -8.878455E+0
1401891865 -8.959590E+0
1401891867 -9.039324E+0
1401891869 -9.119044E+0
1401891871 -9.198767E+0
1401891873 -9.277638E+0
1401891875 -9.355946E+0
1401891877 -9.435104E+0
1401891879 -9.513128E+0
1401891881 -9.590870E+0
1401891883 -9.667764E+0
1401891885 -9.744941E+0
1401891887 -9.821552E+0
1401891889 -9.897599E+0
1401891891 -9.973645E+0
1401891893 -10.049125E+0
1401891895 -10.124325E+0
1401891897 -10.198674E+0
1401891899 -10.272740E+0
1401891901 -10.347374E+0
1401891903 -10.421724E+0
1401891905 -10.494943E+0
1401891907 -10.568161E+0
1401891909 -10.640815E+0
1401891911 -10.713752E+0
1401891913 -10.785840E+0
1401891915 -10.857078E+0
1401891917 -10.928885E+0
1401891919 -11.000126E+0
1401891921 -11.070799E+0
1401891923 -11.140625E+0
1401891925 -11.210735E+0
1401891927 -11.279995E+0
1401891929 -11.349821E+0
1401891931 -11.418800E+0
1401891933 -11.487779E+0
1401891935 -11.556193E+0
1401891937 -11.623757E+0
1401891939 -11.691321E+0
1401891941 -11.758617E+0
1401891943 -11.826181E+0
1401891945 -11.892614E+0
1401891947 -11.959615E+0
1401891949 -12.025483E+0
1401891951 -12.091916E+0
1401891953 -12.157221E+0
1401891955 -12.222239E+0
1401891957 -12.287544E+0
1401891959 -12.351715E+0
1401891961 -12.415887E+0
1401891963 -12.479211E+0
1401891965 -12.544232E+0
1401891967 -12.608406E+0
1401891969 -12.671728E+0
1401891971 -12.734770E+0
1401891973 -12.797529E+0
1401891975 -12.859157E+0
1401891977 -12.921351E+0
1401891979 -12.982979E+0
1401891981 -13.044042E+0
1401891983 -13.104820E+0
1401891985 -13.165317E+0
1401891987 -13.226096E+0
1401891989 -13.286027E+0
1401891991 -13.345678E+0
1401891993 -13.405325E+0
1401891995 -13.466106E+0
1401891997 -13.525188E+0
1401891999 -13.584838E+0
1401892001 -13.643358E+0
1401892003 -13.701874E+0
1401892005 -13.760110E+0
1401892007 -13.818063E+0
1401892009 -13.876015E+0
1401892011 -13.933119E+0
1401892013 -13.990223E+0
1401892015 -14.047330E+0
1401892017 -14.104716E+0
1401892019 -14.161255E+0
1401892021 -14.216663E+0
1401892023 -14.271508E+0
1401892025 -14.323805E+0
1401892027 -14.374691E+0
1401892029 -14.421920E+0
1401892031 -14.466019E+0
1401892033 -14.507009E+0
1401892035 -14.545173E+0
1401892037 -14.582208E+0
1401892039 -14.616697E+0
1401892041 -14.651183E+0
1401892043 -14.685107E+0
1401892045 -14.719315E+0
1401892047 -14.754370E+0
1401892049 -14.789987E+0
1401892051 -14.825891E+0
1401892053 -14.861793E+0
1401892055 -14.898260E+0
1401892057 -14.935576E+0
1401892059 -14.972043E+0
1401892061 -15.007947E+0
1401892063 -15.043564E+0
1401892065 -15.078619E+0
1401892067 -15.113392E+0
1401892069 -15.147313E+0
1401892071 -15.180956E+0
1401892073 -15.214030E+0
1401892075 -15.246541E+0
1401892077 -15.279616E+0
1401892079 -15.313255E+0
1401892081 -15.345483E+0
1401892083 -15.379406E+0
1401892085 -15.414461E+0
1401892087 -15.448666E+0
1401892089 -15.483155E+0
1401892091 -15.517079E+0
1401892093 -15.550437E+0
1401892095 -15.582381E+0
1401892097 -15.612346E+0
1401892099 -15.642312E+0
1401892101 -15.671146E+0
1401892103 -15.698569E+0
1401892105 -15.724860E+0
1401892107 -15.750584E+0
1401892109 -15.775745E+0
1401892111 -15.799209E+0
1401892113 -15.821540E+0
1401892115 -15.842177E+0
1401892117 -15.860836E+0
1401892119 -15.878928E+0
1401892121 -15.895888E+0
1401892123 -15.911721E+0
1401892125 -15.925854E+0
1401892127 -15.939143E+0
1401892129 -15.951864E+0
1401892131 -15.963736E+0
1401892133 -15.975326E+0
1401892135 -15.986635E+0
1401892137 -15.998790E+0
1401892139 -16.010664E+0
1401892141 -16.022536E+0
1401892143 -16.035257E+0
1401892145 -16.047978E+0
1401892147 -16.060699E+0
1401892149 -16.072573E+0
1401892151 -16.083598E+0
1401892153 -16.093776E+0
1401892155 -16.103670E+0
1401892157 -16.112998E+0
1401892159 -16.121761E+0
1401892161 -16.129677E+0
1401892163 -16.136744E+0
1401892165 -16.144095E+0
1401892167 -16.151161E+0
1401892169 -16.156816E+0
1401892171 -16.161339E+0
1401892173 -16.164732E+0
1401892175 -16.168124E+0
1401892177 -16.171233E+0
1401892179 -16.173213E+0
1401892181 -16.175475E+0
1401892183 -16.177453E+0
1401892185 -16.179715E+0
1401892187 -16.182258E+0
1401892189 -16.184238E+0
1401892191 -16.187065E+0
1401892193 -16.189608E+0
1401892195 -16.192436E+0
1401892197 -16.196959E+0
1401892199 -16.199502E+0
1401892201 -16.202613E+0
1401892203 -16.204875E+0
1401892205 -16.207984E+0
1401892207 -16.209399E+0
1401892209 -16.209399E+0
1401892211 -16.206853E+0
1401892213 -16.201483E+0
1401892215 -16.194132E+0
1401892217 -16.184238E+0
1401892219 -16.173213E+0
1401892221 -16.161339E+0
1401892223 -16.149184E+0
1401892225 -16.136178E+0
1401892227 -16.122611E+0
1401892229 -16.110455E+0
1401892231 -16.099146E+0
1401892233 -16.087556E+0
1401892235 -16.076247E+0
1401892237 -16.064376E+0
1401892239 -16.052786E+0
1401892241 -16.040911E+0
1401892243 -16.028756E+0
1401892245 -16.017166E+0
1401892247 -16.005291E+0
1401892249 -15.994267E+0
1401892251 -15.983526E+0
1401892253 -15.974195E+0
1401892255 -15.965997E+0
1401892257 -15.958931E+0
1401892259 -15.952995E+0
1401892261 -15.948753E+0
1401892263 -15.944229E+0
1401892265 -15.941686E+0
1401892267 -15.939143E+0
1401892269 -15.937163E+0
1401892271 -15.934336E+0
1401892273 -15.932074E+0
1401892275 -15.929531E+0
1401892277 -15.927834E+0
1401892279 -15.926138E+0
1401892281 -15.924442E+0
1401892283 -15.923876E+0
1401892285 -15.922180E+0
1401892287 -15.921333E+0
1401892289 -15.920768E+0
1401892291 -15.921049E+0
1401892293 -15.921615E+0
1401892295 -15.921333E+0
1401892297 -15.921615E+0
1401892299 -15.921899E+0
1401892301 -15.922464E+0
1401892303 -15.923595E+0
1401892305 -15.924726E+0
1401892307 -15.925854E+0
1401892309 -15.926419E+0
1401892311 -15.926703E+0
1401892313 -15.926703E+0
1401892315 -15.926703E+0
1401892317 -15.926419E+0
1401892319 -15.925854E+0
1401892321 -15.925007E+0
1401892323 -15.924726E+0
1401892325 -15.924442E+0
1401892327 -15.923029E+0
1401892329 -15.923311E+0
1401892331 -15.924160E+0
1401892333 -15.924726E+0
1401892335 -15.925854E+0
1401892337 -15.927550E+0
1401892339 -15.930096E+0
1401892341 -15.932639E+0
1401892343 -15.936316E+0
1401892345 -15.939990E+0
1401892347 -15.943664E+0
1401892349 -15.946491E+0
1401892351 -15.947906E+0
1401892353 -15.949318E+0
1401892355 -15.949884E+0
1401892357 -15.949884E+0
1401892359 -15.949884E+0
1401892361 -15.948471E+0
1401892363 -15.947341E+0
1401892365 -15.945926E+0
1401892367 -15.945079E+0
1401892369 -15.945360E+0
1401892371 -15.945926E+0
1401892373 -15.948187E+0
1401892375 -15.951299E+0
1401892377 -15.954973E+0
1401892379 -15.959496E+0
1401892381 -15.963454E+0
1401892383 -15.966847E+0
1401892385 -15.969390E+0
1401892387 -15.971368E+0
1401892389 -15.973064E+0
1401892391 -15.974195E+0
1401892393 -15.975044E+0
1401892395 -15.976175E+0
1401892397 -15.976457E+0
1401892399 -15.977022E+0
1401892401 -15.978437E+0
1401892403 -15.979003E+0
1401892405 -15.981264E+0
1401892407 -15.982961E+0
1401892409 -15.984938E+0
1401892411 -15.986916E+0
1401892413 -15.988331E+0
1401892415 -15.989462E+0
1401892417 -15.990874E+0
1401892419 -15.990874E+0
1401892421 -15.990874E+0
1401892423 -15.990874E+0
1401892425 -15.992289E+0
1401892427 -15.993701E+0
1401892429 -15.995963E+0
1401892431 -15.998225E+0
1401892433 -16.001617E+0
1401892435 -16.004726E+0
1401892437 -16.008403E+0
1401892439 -16.010946E+0
1401892441 -16.013208E+0
1401892443 -16.014622E+0
1401892445 -16.015751E+0
1401892447 -16.016600E+0
1401892449 -16.017447E+0
1401892451 -16.018297E+0
1401892453 -16.019143E+0
1401892455 -16.020274E+0
1401892457 -16.021405E+0
1401892459 -16.022255E+0
1401892461 -16.022820E+0
1401892463 -16.023385E+0
1401892465 -16.023385E+0
1401892467 -16.023385E+0
1401892469 -16.024516E+0
1401892471 -16.025647E+0
1401892473 -16.027343E+0
1401892475 -16.029605E+0
1401892477 -16.032995E+0
1401892479 -16.036953E+0
1401892481 -16.041477E+0
1401892483 -16.046282E+0
1401892485 -16.051371E+0
1401892487 -16.055894E+0
1401892489 -16.060418E+0
1401892491 -16.064092E+0
1401892493 -16.066919E+0
1401892495 -16.069181E+0
1401892497 -16.072292E+0
1401892500 -16.073139E+0
1401892502 -16.073423E+0
1401892504 -16.072857E+0
1401892506 -16.073139E+0
1401892508 -16.073988E+0
1401892510 -16.074554E+0
1401892512 -16.075966E+0
1401892514 -16.077944E+0
1401892516 -16.079359E+0
1401892518 -16.080489E+0
1401892520 -16.081902E+0
1401892522 -16.084447E+0
1401892524 -16.087556E+0
1401892526 -16.091230E+0
1401892528 -16.094057E+0
1401892530 -16.096884E+0
1401892532 -16.098581E+0
1401892534 -16.099712E+0
1401892536 -16.101408E+0
1401892538 -16.102823E+0
1401892540 -16.104801E+0
1401892542 -16.106497E+0
1401892544 -16.108193E+0
1401892546 -16.110736E+0
1401892548 -16.112998E+0
1401892550 -16.115260E+0
1401892552 -16.116675E+0
1401892554 -16.118087E+0
1401892556 -16.119218E+0
1401892558 -16.119783E+0
1401892560 -16.120630E+0
1401892562 -16.120914E+0
1401892564 -16.121480E+0
1401892566 -16.121196E+0
1401892568 -16.121761E+0
1401892570 -16.122045E+0
1401892572 -16.121480E+0
1401892574 -16.122611E+0
1401892576 -16.123741E+0
1401892578 -16.125154E+0
1401892580 -16.126850E+0
1401892582 -16.128265E+0
1401892584 -16.129677E+0
1401892586 -16.131374E+0
1401892588 -16.133070E+0
1401892590 -16.134766E+0
1401892592 -16.136462E+0
1401892594 -16.139571E+0
1401892596 -16.142117E+0
1401892598 -16.145225E+0
1401892600 -16.146640E+0
1401892602 -16.148902E+0
1401892604 -16.150033E+0
1401892606 -16.151445E+0
1401892608 -16.152858E+0
1401892610 -16.155403E+0
1401892612 -16.158230E+0
1401892614 -16.160774E+0
1401892616 -16.163319E+0
1401892618 -16.166144E+0
1401892620 -16.168690E+0
1401892622 -16.171798E+0
1401892624 -16.175475E+0
1401892626 -16.179149E+0
1401892628 -16.182823E+0
1401892630 -16.185934E+0
1401892632 -16.187631E+0
1401892634 -16.187912E+0
1401892636 -16.187912E+0
1401892638 -16.186216E+0
1401892640 -16.184519E+0
1401892642 -16.183389E+0
1401892644 -16.180845E+0
1401892646 -16.179149E+0
1401892648 -16.177737E+0
1401892650 -16.176606E+0
1401892652 -16.176322E+0
1401892654 -16.178018E+0
1401892656 -16.179433E+0
1401892658 -16.182823E+0
1401892660 -16.187065E+0
1401892662 -16.191023E+0
1401892664 -16.194981E+0
1401892666 -16.198937E+0
1401892668 -16.202895E+0
1401892670 -16.205722E+0
1401892672 -16.207984E+0
1401892674 -16.209964E+0
1401892676 -16.211092E+0
1401892678 -16.212223E+0
1401892680 -16.211376E+0
1401892682 -16.211092E+0
1401892684 -16.209115E+0
1401892686 -16.207984E+0
1401892688 -16.207137E+0
1401892690 -16.206287E+0
1401892692 -16.206006E+0
1401892694 -16.207137E+0
1401892696 -16.208833E+0
1401892698 -16.211658E+0
1401892700 -16.214485E+0
1401892702 -16.219292E+0
1401892704 -16.223251E+0
1401892706 -16.227771E+0
1401892708 -16.232579E+0
1401892710 -16.237949E+0
1401892712 -16.241907E+0
1401892714 -16.245016E+0
1401892716 -16.247843E+0
1401892718 -16.248974E+0
1401892720 -16.248409E+0
1401892722 -16.247278E+0
1401892724 -16.245300E+0
1401892726 -16.243885E+0
1401892728 -16.243320E+0
1401892730 -16.243320E+0
1401892732 -16.243604E+0
1401892734 -16.245300E+0
1401892736 -16.247562E+0
1401892738 -16.250670E+0
1401892740 -16.252651E+0
1401892742 -16.254912E+0
1401892744 -16.256606E+0
1401892746 -16.259152E+0
1401892748 -16.260848E+0
1401892750 -16.262261E+0
1401892752 -16.263391E+0
1401892754 -16.264522E+0
1401892756 -16.265088E+0
1401892758 -16.265653E+0
1401892760 -16.265372E+0
1401892762 -16.266784E+0
1401892764 -16.268199E+0
1401892766 -16.270177E+0
1401892768 -16.272154E+0
1401892770 -16.273851E+0
1401892772 -16.275831E+0
1401892774 -16.278658E+0
1401892776 -16.280636E+0
1401892778 -16.283463E+0
1401892780 -16.285725E+0
1401892782 -16.287137E+0
1401892784 -16.289399E+0
1401892786 -16.290530E+0
1401892788 -16.291661E+0
1401892790 -16.294206E+0
1401892792 -16.296184E+0
1401892794 -16.298446E+0
1401892796 -16.300989E+0
1401892798 -16.302404E+0
1401892800 -16.302969E+0
1401892802 -16.303251E+0
1401892804 -16.303535E+0
1401892806 -16.302969E+0
1401892808 -16.302404E+0
1401892810 -16.301838E+0
1401892812 -16.302120E+0
1401892814 -16.302120E+0
1401892816 -16.302685E+0
1401892818 -16.304100E+0
1401892820 -16.306362E+0
1401892822 -16.308340E+0
1401892824 -16.309471E+0
1401892826 -16.311167E+0
1401892828 -16.313147E+0
1401892830 -16.314278E+0
1401892832 -16.316256E+0
1401892834 -16.317668E+0
1401892836 -16.320214E+0
1401892838 -16.321061E+0
1401892840 -16.322757E+0
1401892842 -16.323606E+0
1401892844 -16.323322E+0
1401892846 -16.323041E+0
1401892848 -16.322757E+0
1401892850 -16.321345E+0
1401892852 -16.319930E+0
1401892854 -16.318799E+0
1401892856 -16.319083E+0
1401892858 -16.318799E+0
1401892860 -16.320495E+0
1401892862 -16.322757E+0
1401892864 -16.324737E+0
1401892866 -16.327846E+0
1401892868 -16.330108E+0
1401892870 -16.333782E+0
1401892872 -16.336328E+0
1401892874 -16.337458E+0
1401892876 -16.340002E+0
1401892878 -16.340567E+0
1401892880 -16.340286E+0
1401892882 -16.340567E+0
1401892884 -16.339720E+0
1401892886 -16.339436E+0
1401892888 -16.339436E+0
1401892890 -16.340286E+0
1401892892 -16.341698E+0
1401892894 -16.342547E+0
1401892896 -16.342829E+0
1401892898 -16.343678E+0
1401892900 -16.344244E+0
1401892902 -16.345374E+0
1401892904 -16.346503E+0
1401892906 -16.347068E+0
1401892908 -16.348765E+0
1401892910 -16.350179E+0
1401892912 -16.352157E+0
1401892914 -16.353853E+0
1401892916 -16.356399E+0
1401892918 -16.358377E+0
1401892920 -16.360073E+0
1401892922 -16.361770E+0
1401892924 -16.364313E+0
1401892926 -16.366009E+0
1401892928 -16.367424E+0
1401892930 -16.368271E+0
1401892932 -16.368555E+0
1401892934 -16.369120E+0
1401892936 -16.367705E+0
1401892938 -16.366574E+0
1401892940 -16.364313E+0
1401892942 -16.361770E+0
1401892944 -16.360639E+0
1401892946 -16.359508E+0
1401892948 -16.359508E+0
1401892950 -16.360357E+0
1401892952 -16.361486E+0
1401892954 -16.362616E+0
1401892956 -16.364597E+0
1401892958 -16.366858E+0
1401892960 -16.370251E+0
1401892962 -16.373644E+0
1401892964 -16.377883E+0
1401892966 -16.382123E+0
1401892968 -16.385799E+0
1401892970 -16.388342E+0
1401892972 -16.391170E+0
1401892974 -16.393997E+0
1401892976 -16.396259E+0
1401892978 -16.398802E+0
1401892980 -16.401064E+0
1401892982 -16.403609E+0
1401892984 -16.403891E+0
1401892986 -16.404456E+0
1401892988 -16.405306E+0
1401892990 -16.405868E+0
1401892992 -16.407849E+0
1401892994 -16.408980E+0
1401892996 -16.409261E+0
1401892998 -16.409826E+0
1401893000 -16.411241E+0
1401893002 -16.414069E+0
1401893004 -16.416612E+0
1401893006 -16.419439E+0
1401893008 -16.421417E+0
1401893010 -16.423678E+0
1401893012 -16.425659E+0
1401893014 -16.426224E+0
1401893016 -16.425375E+0
1401893018 -16.425659E+0
1401893020 -16.424809E+0
1401893022 -16.423962E+0
1401893024 -16.422832E+0
1401893026 -16.423113E+0
1401893028 -16.423678E+0
1401893030 -16.424528E+0
1401893032 -16.426224E+0
1401893034 -16.429051E+0
1401893036 -16.430182E+0
1401893038 -16.432725E+0
1401893040 -16.434422E+0
1401893042 -16.434987E+0
1401893044 -16.435271E+0
1401893046 -16.436683E+0
1401893048 -16.438380E+0
1401893050 -16.439792E+0
1401893052 -16.439792E+0
1401893054 -16.439511E+0
1401893056 -16.438661E+0
1401893058 -16.437530E+0
1401893060 -16.436683E+0
1401893062 -16.436965E+0
1401893064 -16.437530E+0
1401893066 -16.437814E+0
1401893068 -16.438661E+0
1401893070 -16.440357E+0
1401893072 -16.442619E+0
1401893074 -16.444881E+0
1401893076 -16.446861E+0
1401893078 -16.447427E+0
1401893080 -16.448558E+0
1401893082 -16.448839E+0
1401893084 -16.449688E+0
1401893086 -16.451382E+0
1401893088 -16.453362E+0
1401893090 -16.454209E+0
1401893092 -16.455059E+0
1401893094 -16.456755E+0
1401893096 -16.457321E+0
1401893098 -16.458451E+0
1401893100 -16.459582E+0
1401893102 -16.461279E+0
1401893104 -16.463540E+0
1401893106 -16.464953E+0
1401893108 -16.466365E+0
1401893110 -16.466930E+0
1401893112 -16.468061E+0
1401893114 -16.468911E+0
1401893116 -16.470042E+0
1401893118 -16.470323E+0
1401893120 -16.469758E+0
1401893122 -16.468911E+0
1401893124 -16.468061E+0
1401893126 -16.467780E+0
1401893128 -16.468061E+0
1401893130 -16.468627E+0
1401893132 -16.469476E+0
1401893134 -16.472019E+0
1401893136 -16.473150E+0
1401893138 -16.474846E+0
1401893140 -16.476261E+0
1401893142 -16.477674E+0
1401893144 -16.479370E+0
1401893146 -16.479935E+0
1401893148 -16.480782E+0
1401893150 -16.481632E+0
1401893152 -16.481632E+0
1401893154 -16.481913E+0
1401893156 -16.482197E+0
1401893158 -16.483328E+0
1401893160 -16.483328E+0
1401893162 -16.484175E+0
1401893164 -16.484175E+0
1401893166 -16.483609E+0
1401893168 -16.483044E+0
1401893170 -16.481913E+0
1401893172 -16.482763E+0
1401893174 -16.485306E+0
1401893176 -16.487568E+0
1401893178 -16.489548E+0
1401893180 -16.490679E+0
1401893182 -16.491810E+0
1401893184 -16.493222E+0
1401893186 -16.494918E+0
1401893188 -16.496049E+0
1401893190 -16.496896E+0
1401893192 -16.496896E+0
1401893194 -16.497461E+0
1401893196 -16.499442E+0
1401893198 -16.501985E+0
1401893200 -16.504812E+0
1401893202 -16.506227E+0
1401893204 -16.507074E+0
1401893206 -16.508205E+0
1401893208 -16.508205E+0
1401893210 -16.507358E+0
1401893212 -16.506508E+0
1401893214 -16.505661E+0
1401893216 -16.505377E+0
1401893218 -16.505377E+0
1401893220 -16.505661E+0
1401893222 -16.505377E+0
1401893224 -16.506508E+0
1401893226 -16.507074E+0
1401893228 -16.506792E+0
1401893230 -16.507923E+0
1401893232 -16.507923E+0
1401893234 -16.509620E+0
1401893236 -16.511879E+0
1401893238 -16.514140E+0
1401893240 -16.515271E+0
1401893242 -16.516121E+0
1401893244 -16.516968E+0
1401893246 -16.516968E+0
1401893248 -16.517533E+0
1401893250 -16.518664E+0
1401893252 -16.518664E+0
1401893254 -16.518098E+0
1401893256 -16.517533E+0
1401893258 -16.516968E+0
1401893260 -16.516121E+0
1401893262 -16.515555E+0
1401893264 -16.515555E+0
1401893266 -16.514990E+0
1401893268 -16.516121E+0
1401893270 -16.516968E+0
1401893272 -16.517533E+0
1401893274 -16.518382E+0
1401893276 -16.519513E+0
1401893278 -16.520644E+0
1401893280 -16.523471E+0
1401893282 -16.525168E+0
1401893284 -16.526296E+0
1401893286 -16.526861E+0
1401893288 -16.526580E+0
1401893290 -16.526015E+0
1401893292 -16.525449E+0
1401893294 -16.525168E+0
1401893296 -16.525168E+0
1401893298 -16.525449E+0
1401893300 -16.526015E+0
1401893302 -16.527427E+0
1401893304 -16.529407E+0
1401893306 -16.530538E+0
1401893308 -16.531669E+0
1401893310 -16.535062E+0
1401893312 -16.537039E+0
1401893314 -16.540432E+0
1401893316 -16.543541E+0
1401893318 -16.545237E+0
1401893320 -16.548064E+0
1401893322 -16.549760E+0
1401893324 -16.551175E+0
1401893326 -16.552022E+0
1401893328 -16.551741E+0
1401893330 -16.550044E+0
1401893332 -16.547783E+0
1401893334 -16.545521E+0
1401893336 -16.544390E+0
1401893338 -16.542975E+0
1401893340 -16.541279E+0
1401893342 -16.540713E+0
1401893344 -16.540997E+0
1401893346 -16.541563E+0
1401893348 -16.541844E+0
1401893350 -16.542128E+0
1401893352 -16.543259E+0
1401893354 -16.543259E+0
1401893356 -16.543541E+0
1401893358 -16.544390E+0
1401893360 -16.545521E+0
1401893362 -16.546652E+0
1401893364 -16.548629E+0
1401893366 -16.549760E+0
1401893368 -16.550610E+0
1401893370 -16.552022E+0
1401893372 -16.552871E+0
1401893374 -16.554284E+0
1401893376 -16.555980E+0
1401893378 -16.557676E+0
1401893380 -16.558242E+0
1401893382 -16.559373E+0
1401893384 -16.560504E+0
1401893386 -16.561350E+0
1401893388 -16.561069E+0
1401893390 -16.560785E+0
1401893392 -16.559373E+0
1401893394 -16.558523E+0
1401893396 -16.556827E+0
1401893398 -16.555696E+0
1401893400 -16.555415E+0
1401893402 -16.554284E+0
1401893404 -16.553153E+0
1401893406 -16.553153E+0
1401893408 -16.553437E+0
1401893410 -16.555133E+0
1401893412 -16.557392E+0
1401893414 -16.560220E+0
1401893416 -16.563896E+0
1401893418 -16.567854E+0
1401893420 -16.571810E+0
1401893422 -16.575768E+0
1401893424 -16.579726E+0
1401893426 -16.583402E+0
1401893428 -16.584815E+0
1401893430 -16.586227E+0
1401893432 -16.586511E+0
1401893434 -16.586793E+0
1401893436 -16.586511E+0
1401893438 -16.584249E+0
1401893440 -16.580857E+0
1401893442 -16.578030E+0
1401893444 -16.575486E+0
1401893446 -16.573225E+0
1401893448 -16.570681E+0
1401893450 -16.568136E+0
1401893452 -16.566723E+0
1401893454 -16.565027E+0
1401893456 -16.565593E+0
1401893458 -16.566723E+0
1401893460 -16.568420E+0
1401893462 -16.571244E+0
1401893464 -16.573790E+0
1401893466 -16.576333E+0
1401893468 -16.578595E+0
1401893470 -16.580575E+0
1401893472 -16.580575E+0
1401893474 -16.581141E+0
1401893476 -16.580857E+0
1401893478 -16.580291E+0
1401893480 -16.580575E+0
1401893482 -16.580857E+0
1401893484 -16.581988E+0
1401893486 -16.583118E+0
1401893488 -16.584249E+0
1401893490 -16.584815E+0
1401893492 -16.584249E+0
1401893494 -16.585099E+0
1401893496 -16.585664E+0
1401893498 -16.586511E+0
1401893500 -16.587077E+0
1401893502 -16.587642E+0
1401893504 -16.587923E+0
1401893506 -16.587077E+0
1401893508 -16.586511E+0
1401893510 -16.586793E+0
1401893512 -16.587642E+0
1401893514 -16.587358E+0
1401893516 -16.586793E+0
1401893518 -16.586793E+0
1401893520 -16.587642E+0
1401893522 -16.587923E+0
1401893524 -16.587642E+0
1401893526 -16.588489E+0
1401893528 -16.590185E+0
1401893530 -16.591316E+0
1401893532 -16.592731E+0
1401893534 -16.594143E+0
1401893536 -16.595839E+0
1401893538 -16.597254E+0
1401893540 -16.598667E+0
1401893542 -16.600647E+0
1401893544 -16.602341E+0
1401893546 -16.603756E+0
1401893548 -16.604602E+0
1401893550 -16.604321E+0
1401893552 -16.604886E+0
1401893554 -16.604037E+0
1401893556 -16.602341E+0
1401893558 -16.600082E+0
1401893560 -16.598101E+0
1401893562 -16.596405E+0
1401893564 -16.594427E+0
1401893566 -16.593296E+0
1401893568 -16.594143E+0
1401893570 -16.596123E+0
1401893572 -16.598667E+0
1401893574 -16.602625E+0
1401893576 -16.606017E+0
1401893578 -16.609410E+0
1401893580 -16.611953E+0
1401893582 -16.614499E+0
1401893584 -16.615630E+0
1401893586 -16.617042E+0
1401893588 -16.617323E+0
1401893590 -16.617042E+0
1401893592 -16.615911E+0
1401893594 -16.614780E+0
1401893596 -16.613084E+0
1401893598 -16.610257E+0
1401893600 -16.607148E+0
1401893602 -16.604602E+0
1401893604 -16.602341E+0
1401893606 -16.601494E+0
1401893608 -16.600928E+0
1401893610 -16.601775E+0
1401893612 -16.604037E+0
1401893614 -16.607148E+0
1401893616 -16.610257E+0
1401893618 -16.613649E+0
1401893620 -16.616477E+0
1401893622 -16.619304E+0
1401893624 -16.621847E+0
1401893626 -16.624393E+0
1401893628 -16.626089E+0
1401893630 -16.628067E+0
1401893632 -16.628916E+0
1401893634 -16.629763E+0
1401893636 -16.630612E+0
1401893638 -16.630612E+0
1401893640 -16.628632E+0
1401893642 -16.626936E+0
1401893644 -16.625805E+0
1401893646 -16.624674E+0
1401893648 -16.623543E+0
1401893650 -16.622696E+0
1401893652 -16.621847E+0
1401893654 -16.621282E+0
1401893656 -16.621566E+0
1401893658 -16.622696E+0
1401893660 -16.623543E+0
1401893662 -16.624393E+0
1401893664 -16.625524E+0
1401893666 -16.626370E+0
1401893668 -16.627501E+0
1401893670 -16.628632E+0
1401893672 -16.627785E+0
1401893674 -16.626089E+0
1401893676 -16.623827E+0
1401893678 -16.622412E+0
1401893680 -16.619869E+0
1401893682 -16.617607E+0
1401893684 -16.616193E+0
1401893686 -16.615346E+0
1401893688 -16.615630E+0
1401893690 -16.616193E+0
1401893692 -16.616477E+0
1401893694 -16.617042E+0
1401893696 -16.617042E+0
1401893698 -16.615911E+0
1401893700 -16.615346E+0
1401893702 -16.614780E+0
1401893704 -16.615064E+0
1401893706 -16.615911E+0
1401893708 -16.616758E+0
1401893710 -16.617042E+0
1401893712 -16.616477E+0
1401893714 -16.615911E+0
1401893716 -16.615630E+0
1401893718 -16.617889E+0
1401893720 -16.618738E+0
1401893722 -16.621000E+0
1401893724 -16.623827E+0
1401893726 -16.626089E+0
1401893728 -16.628351E+0
1401893730 -16.629763E+0
1401893732 -16.632025E+0
1401893734 -16.633721E+0
1401893736 -16.635133E+0
1401893738 -16.635699E+0
1401893740 -16.636548E+0
1401893742 -16.637114E+0
1401893744 -16.637679E+0
1401893746 -16.638245E+0
1401893748 -16.638245E+0
1401893750 -16.638245E+0
1401893752 -16.638526E+0
1401893754 -16.638245E+0
1401893756 -16.637961E+0
1401893758 -16.637395E+0
1401893760 -16.636548E+0
1401893762 -16.635417E+0
1401893764 -16.634287E+0
1401893766 -16.633721E+0
1401893768 -16.634287E+0
1401893770 -16.635133E+0
1401893772 -16.636548E+0
1401893774 -16.637395E+0
1401893776 -16.638810E+0
1401893778 -16.639941E+0
1401893780 -16.640506E+0
1401893782 -16.641637E+0
1401893784 -16.643334E+0
1401893786 -16.643615E+0
1401893789 -16.645030E+0
1401893791 -16.645595E+0
1401893793 -16.646442E+0
1401893795 -16.646724E+0
1401893797 -16.646442E+0
1401893799 -16.645030E+0
1401893801 -16.643615E+0
1401893803 -16.643899E+0
1401893805 -16.644464E+0
1401893807 -16.645311E+0
1401893809 -16.645595E+0
1401893811 -16.646442E+0
1401893813 -16.646724E+0
1401893815 -16.647573E+0
1401893817 -16.648420E+0
1401893819 -16.648704E+0
1401893821 -16.650116E+0
1401893823 -16.650966E+0
1401893825 -16.651531E+0
1401893827 -16.652378E+0
1401893829 -16.652378E+0
1401893831 -16.651247E+0
1401893833 -16.650682E+0
1401893835 -16.650116E+0
1401893837 -16.650682E+0
1401893839 -16.652378E+0
1401893841 -16.653793E+0
1401893843 -16.655771E+0
1401893845 -16.657467E+0
1401893847 -16.658316E+0
1401893849 -16.660013E+0
1401893851 -16.661706E+0
1401893853 -16.662272E+0
1401893855 -16.663403E+0
1401893857 -16.664533E+0
1401893859 -16.665383E+0
1401893861 -16.667079E+0
1401893863 -16.668210E+0
1401893865 -16.668492E+0
1401893867 -16.669057E+0
1401893869 -16.668492E+0
1401893871 -16.666514E+0
1401893873 -16.663968E+0
1401893875 -16.660013E+0
1401893877 -16.656901E+0
1401893879 -16.654640E+0
1401893881 -16.653509E+0
1401893883 -16.652943E+0
1401893885 -16.652662E+0
1401893887 -16.652662E+0
1401893889 -16.653793E+0
1401893891 -16.655489E+0
1401893893 -16.657467E+0
1401893895 -16.660294E+0
1401893897 -16.662556E+0
1401893899 -16.665664E+0
1401893901 -16.668210E+0
1401893903 -16.669906E+0
1401893905 -16.671319E+0
1401893907 -16.671037E+0
1401893909 -16.669906E+0
1401893911 -16.667645E+0
1401893913 -16.665099E+0
1401893915 -16.662556E+0
1401893917 -16.659447E+0
1401893919 -16.657185E+0
1401893921 -16.654924E+0
1401893923 -16.653793E+0
1401893925 -16.653793E+0
1401893927 -16.653793E+0
1401893929 -16.653793E+0
1401893931 -16.654074E+0
1401893933 -16.653793E+0
1401893935 -16.653793E+0
1401893937 -16.654074E+0
1401893939 -16.655205E+0
1401893941 -16.655489E+0
1401893943 -16.657467E+0
1401893945 -16.659163E+0
1401893947 -16.661425E+0
1401893949 -16.663403E+0
1401893951 -16.665664E+0
1401893953 -16.666230E+0
1401893955 -16.666514E+0
1401893957 -16.665948E+0
1401893959 -16.664817E+0
1401893961 -16.663687E+0
1401893963 -16.662837E+0
1401893965 -16.663403E+0
1401893967 -16.663121E+0
1401893969 -16.662556E+0
1401893971 -16.660578E+0
1401893973 -16.658598E+0
1401893975 -16.656620E+0
1401893977 -16.654074E+0
1401893979 -16.652943E+0
1401893981 -16.651531E+0
1401893983 -16.651531E+0
1401893985 -16.652378E+0
1401893987 -16.653793E+0
1401893989 -16.655489E+0
1401893991 -16.657751E+0
1401893993 -16.660294E+0
1401893995 -16.662837E+0
1401893997 -16.664533E+0
1401893999 -16.665948E+0
1401894001 -16.665948E+0
1401894003 -16.665383E+0
1401894005 -16.663687E+0
1401894007 -16.662556E+0
1401894009 -16.661141E+0
1401894011 -16.659447E+0
1401894013 -16.657185E+0
1401894015 -16.654358E+0
1401894017 -16.652943E+0
1401894019 -16.652662E+0
1401894021 -16.652096E+0
1401894023 -16.652096E+0
1401894025 -16.652662E+0
1401894027 -16.654074E+0
1401894029 -16.655205E+0
1401894031 -16.657751E+0
1401894033 -16.660013E+0
1401894035 -16.663121E+0
1401894037 -16.666230E+0
1401894039 -16.667926E+0
1401894041 -16.670472E+0
1401894043 -16.672168E+0
1401894045 -16.672450E+0
1401894047 -16.673015E+0
1401894049 -16.671884E+0
1401894051 -16.671319E+0
1401894053 -16.671037E+0
1401894055 -16.669906E+0
1401894057 -16.669622E+0
1401894059 -16.669622E+0
1401894061 -16.669341E+0
1401894063 -16.669622E+0
1401894065 -16.668210E+0
1401894067 -16.667645E+0
1401894069 -16.666514E+0
1401894071 -16.666230E+0
1401894073 -16.666514E+0
1401894075 -16.667361E+0
1401894077 -16.667645E+0
1401894079 -16.669622E+0
1401894081 -16.671319E+0
1401894083 -16.673015E+0
1401894085 -16.674146E+0
1401894087 -16.674995E+0
1401894089 -16.675842E+0
1401894091 -16.676408E+0
1401894093 -16.676973E+0
1401894095 -16.676973E+0
1401894097 -16.677255E+0
1401894099 -16.677539E+0
1401894101 -16.677539E+0
1401894103 -16.678104E+0
1401894105 -16.678104E+0
1401894107 -16.678669E+0
1401894109 -16.677820E+0
1401894111 -16.676689E+0
1401894113 -16.675842E+0
1401894115 -16.674995E+0
1401894117 -16.674430E+0
1401894119 -16.673864E+0
1401894121 -16.674430E+0
1401894123 -16.674430E+0
1401894125 -16.675842E+0
1401894127 -16.676689E+0
1401894129 -16.676124E+0
1401894131 -16.676124E+0
1401894133 -16.675842E+0
1401894135 -16.674711E+0
1401894137 -16.673864E+0
1401894139 -16.673299E+0
1401894141 -16.672734E+0
1401894143 -16.672168E+0
1401894145 -16.672168E+0
1401894147 -16.672168E+0
1401894149 -16.673015E+0
1401894151 -16.673580E+0
1401894153 -16.674711E+0
1401894155 -16.675842E+0
1401894157 -16.677539E+0
1401894159 -16.679800E+0
1401894161 -16.681778E+0
1401894163 -16.684040E+0
1401894165 -16.686867E+0
1401894167 -16.689413E+0
1401894169 -16.690825E+0
1401894171 -16.691390E+0
1401894173 -16.690825E+0
1401894175 -16.689978E+0
1401894177 -16.688563E+0
1401894179 -16.686867E+0
1401894181 -16.684040E+0
1401894183 -16.682627E+0
1401894185 -16.680082E+0
1401894187 -16.679800E+0
1401894189 -16.678951E+0
1401894191 -16.678951E+0
1401894193 -16.678951E+0
1401894195 -16.680082E+0
1401894197 -16.682062E+0
1401894199 -16.683193E+0
1401894201 -16.684889E+0
1401894203 -16.686301E+0
1401894205 -16.688563E+0
1401894207 -16.690544E+0
1401894209 -16.692237E+0
1401894211 -16.693368E+0
1401894213 -16.693934E+0
1401894215 -16.694218E+0
1401894217 -16.693934E+0
1401894219 -16.692803E+0
1401894221 -16.691390E+0
1401894223 -16.690260E+0
1401894225 -16.689978E+0
1401894227 -16.689413E+0
1401894229 -16.689694E+0
1401894231 -16.689694E+0
1401894233 -16.689694E+0
1401894235 -16.690544E+0
1401894237 -16.691672E+0
1401894239 -16.693368E+0
1401894241 -16.695064E+0
1401894243 -16.695064E+0
1401894245 -16.694783E+0
1401894247 -16.694218E+0
1401894249 -16.694218E+0
1401894251 -16.694218E+0
1401894253 -16.694499E+0
1401894255 -16.694499E+0
1401894257 -16.694783E+0
1401894259 -16.694218E+0
1401894261 -16.695064E+0
1401894263 -16.695064E+0
1401894265 -16.695064E+0
1401894267 -16.695064E+0
1401894269 -16.695064E+0
1401894271 -16.695630E+0
1401894273 -16.695064E+0
1401894275 -16.694499E+0
1401894277 -16.694499E+0
1401894279 -16.693934E+0
1401894281 -16.693934E+0
1401894283 -16.695064E+0
1401894285 -16.696479E+0
1401894287 -16.696761E+0
1401894289 -16.696479E+0
1401894291 -16.696479E+0
1401894293 -16.696479E+0
1401894295 -16.696479E+0
1401894297 -16.696479E+0
1401894299 -16.696761E+0
1401894301 -16.697326E+0
1401894303 -16.697045E+0
1401894305 -16.697326E+0
1401894307 -16.697326E+0
1401894309 -16.696195E+0
1401894311 -16.696195E+0
1401894313 -16.696195E+0
1401894315 -16.696479E+0
1401894317 -16.696761E+0
1401894319 -16.697045E+0
1401894321 -16.696761E+0
1401894323 -16.697326E+0
1401894325 -16.698457E+0
1401894327 -16.700437E+0
1401894329 -16.702699E+0
1401894331 -16.704677E+0
1401894333 -16.706089E+0
1401894335 -16.707504E+0
1401894337 -16.708069E+0
1401894339 -16.709482E+0
1401894341 -16.709200E+0
1401894343 -16.708351E+0
1401894345 -16.708351E+0
1401894347 -16.708069E+0
1401894349 -16.706373E+0
1401894351 -16.704677E+0
1401894353 -16.702415E+0
1401894355 -16.701003E+0
1401894357 -16.700719E+0
1401894359 -16.699872E+0
1401894361 -16.699872E+0
1401894363 -16.699022E+0
1401894365 -16.697892E+0
1401894367 -16.698457E+0
1401894369 -16.699022E+0
1401894371 -16.700437E+0
1401894373 -16.700437E+0
1401894375 -16.700437E+0
1401894377 -16.700153E+0
1401894379 -16.699872E+0
1401894381 -16.700719E+0
1401894383 -16.701284E+0
1401894385 -16.702415E+0
1401894387 -16.703546E+0
1401894389 -16.705242E+0
1401894391 -16.706089E+0
1401894393 -16.707504E+0
1401894395 -16.708351E+0
1401894397 -16.708351E+0
1401894399 -16.707504E+0
1401894401 -16.708069E+0
1401894403 -16.708351E+0
1401894405 -16.708635E+0
1401894407 -16.708916E+0
1401894409 -16.709200E+0
1401894411 -16.709482E+0
1401894413 -16.709200E+0
1401894415 -16.709200E+0
1401894417 -16.708635E+0
1401894419 -16.709200E+0
1401894421 -16.710047E+0
1401894423 -16.711744E+0
1401894425 -16.712309E+0
1401894427 -16.713158E+0
1401894429 -16.713724E+0
1401894431 -16.712593E+0
1401894433 -16.712028E+0
1401894435 -16.711462E+0
1401894437 -16.710331E+0
1401894439 -16.709766E+0
1401894441 -16.710331E+0
1401894443 -16.710047E+0
1401894445 -16.711178E+0
1401894447 -16.710897E+0
1401894449 -16.710897E+0
1401894451 -16.710331E+0
1401894453 -16.710613E+0
1401894455 -16.711744E+0
1401894457 -16.712593E+0
1401894459 -16.713724E+0
1401894461 -16.714289E+0
1401894463 -16.714855E+0
1401894465 -16.715702E+0
1401894467 -16.717116E+0
1401894469 -16.718813E+0
1401894471 -16.721356E+0
1401894473 -16.723618E+0
1401894475 -16.724749E+0
1401894477 -16.725595E+0
1401894479 -16.725314E+0
1401894481 -16.725030E+0
1401894483 -16.722487E+0
1401894485 -16.720509E+0
1401894487 -16.717963E+0
1401894489 -16.715420E+0
1401894491 -16.713724E+0
1401894493 -16.713440E+0
1401894495 -16.712874E+0
1401894497 -16.713158E+0
1401894499 -16.714005E+0
1401894501 -16.714855E+0
1401894503 -16.715986E+0
1401894505 -16.717116E+0
1401894507 -16.719094E+0
1401894509 -16.721921E+0
1401894511 -16.725030E+0
1401894513 -16.728988E+0
1401894515 -16.732099E+0
1401894517 -16.735208E+0
1401894519 -16.738035E+0
1401894521 -16.738600E+0
1401894523 -16.740862E+0
1401894525 -16.741993E+0
1401894527 -16.742274E+0
1401894529 -16.741993E+0
1401894531 -16.740862E+0
1401894533 -16.737751E+0
1401894535 -16.734361E+0
1401894537 -16.730968E+0
1401894539 -16.728707E+0
1401894541 -16.725879E+0
1401894543 -16.723334E+0
1401894545 -16.721637E+0
1401894547 -16.719944E+0
1401894549 -16.719660E+0
1401894551 -16.720509E+0
1401894553 -16.720509E+0
1401894555 -16.723052E+0
1401894557 -16.724749E+0
1401894559 -16.727576E+0
1401894561 -16.729272E+0
1401894563 -16.730119E+0
1401894565 -16.731815E+0
1401894567 -16.732381E+0
1401894569 -16.732946E+0
1401894571 -16.732381E+0
1401894573 -16.732665E+0
1401894575 -16.732381E+0
1401894577 -16.733511E+0
1401894579 -16.733511E+0
1401894581 -16.734077E+0
1401894583 -16.734077E+0
1401894585 -16.733511E+0
1401894587 -16.732099E+0
1401894589 -16.730968E+0
1401894591 -16.728423E+0
1401894593 -16.726445E+0
1401894595 -16.725030E+0
1401894597 -16.724465E+0
1401894599 -16.723618E+0
1401894601 -16.723899E+0
1401894603 -16.724465E+0
1401894605 -16.724749E+0
1401894607 -16.725595E+0
1401894609 -16.727010E+0
1401894611 -16.728707E+0
1401894613 -16.730119E+0
1401894615 -16.730684E+0
1401894617 -16.730684E+0
1401894619 -16.730119E+0
1401894621 -16.729837E+0
1401894623 -16.729553E+0
1401894625 -16.729837E+0
1401894627 -16.730403E+0
1401894629 -16.730684E+0
1401894631 -16.730403E+0
1401894633 -16.730684E+0
1401894635 -16.731534E+0
1401894637 -16.732099E+0
1401894639 -16.732946E+0
1401894641 -16.733511E+0
1401894643 -16.734077E+0
1401894645 -16.734077E+0
1401894647 -16.733511E+0
1401894649 -16.733230E+0
1401894651 -16.732099E+0
1401894653 -16.732381E+0
1401894655 -16.732099E+0
1401894657 -16.732381E+0
1401894659 -16.733230E+0
1401894661 -16.732946E+0
1401894663 -16.732381E+0
1401894665 -16.732099E+0
1401894667 -16.730968E+0
1401894669 -16.728707E+0
1401894671 -16.726445E+0
1401894673 -16.724465E+0
1401894675 -16.723899E+0
1401894677 -16.725314E+0
1401894679 -16.726726E+0
1401894681 -16.728423E+0
1401894683 -16.730403E+0
1401894685 -16.732099E+0
1401894687 -16.733230E+0
1401894689 -16.733795E+0
1401894691 -16.733795E+0
1401894693 -16.732946E+0
1401894695 -16.732381E+0
1401894697 -16.732381E+0
1401894699 -16.732099E+0
1401894701 -16.732946E+0
1401894703 -16.733230E+0
1401894705 -16.734077E+0
1401894707 -16.736055E+0
1401894709 -16.738600E+0
1401894711 -16.740013E+0
1401894713 -16.741144E+0
1401894715 -16.741144E+0
1401894717 -16.740862E+0
1401894719 -16.740578E+0
1401894721 -16.739447E+0
1401894723 -16.738035E+0
1401894725 -16.736055E+0
1401894727 -16.734077E+0
1401894729 -16.732381E+0
1401894731 -16.732946E+0
1401894733 -16.732946E+0
1401894735 -16.733511E+0
1401894737 -16.735492E+0
1401894739 -16.737186E+0
1401894741 -16.738600E+0
1401894743 -16.740013E+0
1401894745 -16.740297E+0
1401894747 -16.740862E+0
1401894749 -16.741709E+0
1401894751 -16.741428E+0
1401894753 -16.741993E+0
1401894755 -16.741428E+0
1401894757 -16.741144E+0
1401894759 -16.740013E+0
1401894761 -16.738316E+0
1401894763 -16.736339E+0
1401894765 -16.735208E+0
1401894767 -16.735773E+0
1401894769 -16.735773E+0
1401894771 -16.736055E+0
1401894773 -16.736904E+0
1401894775 -16.737751E+0
1401894777 -16.739447E+0
1401894779 -16.740862E+0
1401894781 -16.742274E+0
1401894783 -16.743124E+0
1401894785 -16.744255E+0
1401894787 -16.744536E+0
1401894789 -16.744820E+0
1401894791 -16.745386E+0
1401894793 -16.745386E+0
1401894795 -16.745102E+0
1401894797 -16.744536E+0
1401894799 -16.744536E+0
1401894801 -16.744820E+0
1401894803 -16.745102E+0
1401894805 -16.745667E+0
1401894807 -16.745951E+0
1401894809 -16.747363E+0
1401894811 -16.748494E+0
1401894813 -16.749625E+0
1401894815 -16.750191E+0
1401894817 -16.751321E+0
1401894819 -16.751603E+0
1401894821 -16.750756E+0
1401894823 -16.749344E+0
1401894825 -16.747363E+0
1401894827 -16.745102E+0
1401894829 -16.742274E+0
1401894831 -16.741144E+0
1401894833 -16.739166E+0
1401894835 -16.738316E+0
1401894837 -16.737751E+0
1401894839 -16.738882E+0
1401894841 -16.740013E+0
1401894843 -16.742840E+0
1401894845 -16.744820E+0
1401894847 -16.747082E+0
1401894849 -16.748778E+0
1401894851 -16.750191E+0
1401894853 -16.749909E+0
1401894855 -16.749625E+0
1401894857 -16.747929E+0
1401894859 -16.747929E+0
1401894861 -16.746233E+0
1401894863 -16.745951E+0
1401894865 -16.745951E+0
1401894867 -16.746798E+0
1401894869 -16.746798E+0
1401894871 -16.746516E+0
1401894873 -16.745386E+0
1401894875 -16.744536E+0
1401894877 -16.743405E+0
1401894879 -16.741993E+0
1401894881 -16.740862E+0
1401894883 -16.741144E+0
1401894885 -16.741709E+0
1401894887 -16.743124E+0
1401894889 -16.744536E+0
1401894891 -16.745667E+0
1401894893 -16.745951E+0
1401894895 -16.746516E+0
1401894897 -16.747082E+0
1401894899 -16.748213E+0
1401894901 -16.749060E+0
1401894903 -16.749344E+0
1401894905 -16.747929E+0
1401894907 -16.746798E+0
1401894909 -16.745102E+0
1401894911 -16.744536E+0
1401894913 -16.743689E+0
1401894915 -16.743689E+0
1401894917 -16.744255E+0
1401894919 -16.745102E+0
1401894921 -16.747647E+0
1401894923 -16.749060E+0
1401894925 -16.751603E+0
1401894927 -16.753865E+0
1401894929 -16.756976E+0
1401894931 -16.758672E+0
1401894933 -16.760934E+0
1401894935 -16.762630E+0
1401894937 -16.763477E+0
1401894939 -16.763477E+0
1401894941 -16.763761E+0
1401894943 -16.764042E+0
1401894945 -16.764326E+0
1401894947 -16.764326E+0
1401894949 -16.764892E+0
1401894951 -16.765457E+0
1401894953 -16.766020E+0
1401894955 -16.766304E+0
1401894957 -16.766586E+0
1401894959 -16.766870E+0
1401894961 -16.768566E+0
1401894963 -16.771959E+0
1401894965 -16.778744E+0
1401894967 -16.786941E+0
1401894969 -16.799097E+0
1401894971 -16.813230E+0
1401894973 -16.829062E+0
1401894975 -16.845176E+0
1401894977 -16.862136E+0
1401894979 -16.878534E+0
1401894981 -16.894929E+0
1401894983 -16.911608E+0
1401894985 -16.929418E+0
1401894987 -16.945816E+0
1401894989 -16.962211E+0
1401894991 -16.978324E+0
1401894993 -16.993873E+0
1401894995 -17.006875E+0
1401894997 -17.019599E+0
1401894999 -17.030623E+0
1401895001 -17.041929E+0
1401895003 -17.050976E+0
1401895005 -17.060023E+0
1401895007 -17.068221E+0
1401895009 -17.075006E+0
1401895011 -17.081789E+0
1401895013 -17.088305E+0
1401895015 -17.095091E+0
1401895017 -17.101592E+0
1401895019 -17.107246E+0
1401895021 -17.112051E+0
1401895023 -17.115725E+0
1401895025 -17.117987E+0
1401895027 -17.120814E+0
1401895029 -17.124491E+0
1401895031 -17.128730E+0
1401895033 -17.134384E+0
1401895035 -17.139189E+0
1401895037 -17.144278E+0
1401895039 -17.148236E+0
1401895041 -17.152476E+0
1401895043 -17.155303E+0
1401895045 -17.157281E+0
1401895047 -17.160108E+0
1401895049 -17.164066E+0
1401895051 -17.168589E+0
1401895053 -17.171982E+0
1401895055 -17.175656E+0
1401895057 -17.177352E+0
1401895059 -17.178767E+0
1401895061 -17.178202E+0
1401895063 -17.177352E+0
1401895065 -17.176787E+0
1401895067 -17.177071E+0
1401895069 -17.177636E+0
1401895071 -17.178202E+0
1401895073 -17.178202E+0
1401895075 -17.178767E+0
1401895077 -17.179333E+0
1401895079 -17.180745E+0
1401895081 -17.183007E+0
1401895083 -17.184987E+0
1401895085 -17.186399E+0
1401895087 -17.187812E+0
1401895089 -17.189226E+0
1401895091 -17.191204E+0
1401895093 -17.192900E+0
1401895095 -17.194597E+0
1401895097 -17.196577E+0
1401895099 -17.199120E+0
1401895102 -17.201098E+0
1401895104 -17.202513E+0
1401895106 -17.203078E+0
1401895108 -17.202794E+0
1401895110 -17.202513E+0
1401895112 -17.201663E+0
1401895114 -17.201382E+0
1401895116 -17.200817E+0
1401895118 -17.201098E+0
1401895120 -17.201382E+0
1401895122 -17.202513E+0
1401895124 -17.203925E+0
1401895126 -17.206187E+0
1401895128 -17.208167E+0
1401895130 -17.210429E+0
1401895132 -17.213538E+0
1401895134 -17.216646E+0
1401895136 -17.218342E+0
1401895138 -17.221170E+0
1401895140 -17.222019E+0
1401895142 -17.222019E+0
1401895144 -17.221735E+0
1401895146 -17.220888E+0
1401895148 -17.218908E+0
1401895150 -17.216930E+0
1401895152 -17.214668E+0
1401895154 -17.212125E+0
1401895156 -17.209580E+0
1401895158 -17.207036E+0
1401895160 -17.205056E+0
1401895162 -17.204775E+0
1401895164 -17.205056E+0
1401895166 -17.205621E+0
1401895168 -17.207318E+0
1401895170 -17.209864E+0
1401895172 -17.212691E+0
1401895174 -17.216081E+0
1401895176 -17.219192E+0
1401895178 -17.222585E+0
1401895180 -17.225977E+0
1401895182 -17.228239E+0
1401895184 -17.230217E+0
1401895186 -17.231063E+0
1401895188 -17.231347E+0
1401895190 -17.231913E+0
1401895192 -17.231629E+0
1401895194 -17.230501E+0
1401895196 -17.228520E+0
1401895198 -17.225693E+0
1401895200 -17.222019E+0
1401895202 -17.218061E+0
1401895204 -17.214387E+0
1401895206 -17.210429E+0
1401895208 -17.207318E+0
1401895210 -17.205056E+0
1401895212 -17.203925E+0
1401895214 -17.203644E+0
1401895216 -17.205340E+0
1401895218 -17.208733E+0
1401895220 -17.211560E+0
1401895222 -17.214952E+0
1401895224 -17.215799E+0
1401895226 -17.213256E+0
1401895228 -17.208167E+0
1401895230 -17.199686E+0
1401895232 -17.188942E+0
1401895234 -17.174809E+0
1401895236 -17.158977E+0
1401895238 -17.141732E+0
1401895240 -17.123641E+0
1401895242 -17.106397E+0
1401895244 -17.089718E+0
1401895246 -17.075006E+0
1401895248 -17.060305E+0
1401895250 -17.047018E+0
1401895252 -17.034581E+0
1401895254 -17.022142E+0
1401895256 -17.010833E+0
1401895258 -16.999243E+0
1401895260 -16.988784E+0
1401895262 -16.977475E+0
1401895264 -16.966734E+0
1401895266 -16.955991E+0
1401895268 -16.945532E+0
1401895270 -16.935638E+0
1401895272 -16.927156E+0
1401895274 -16.918393E+0
1401895276 -16.909630E+0
1401895278 -16.900583E+0
1401895280 -16.892951E+0
1401895282 -16.885882E+0
1401895284 -16.879946E+0
1401895286 -16.874011E+0
1401895288 -16.869487E+0
1401895290 -16.863833E+0
1401895292 -16.859309E+0
1401895294 -16.854788E+0
1401895296 -16.851396E+0
1401895298 -16.847719E+0
1401895300 -16.844892E+0
1401895302 -16.842630E+0
1401895304 -16.840087E+0
1401895306 -16.837260E+0
1401895308 -16.834717E+0
1401895310 -16.833586E+0
1401895312 -16.831606E+0
1401895314 -16.831324E+0
1401895316 -16.830193E+0
1401895318 -16.829628E+0
1401895320 -16.829344E+0
1401895322 -16.829062E+0
1401895324 -16.829344E+0
1401895326 -16.829062E+0
1401895328 -16.828778E+0
1401895330 -16.828213E+0
1401895332 -16.827366E+0
1401895334 -16.826801E+0
1401895336 -16.824539E+0
1401895338 -16.823408E+0
1401895340 -16.822277E+0
1401895342 -16.821996E+0
1401895344 -16.821712E+0
1401895346 -16.822843E+0
1401895348 -16.823973E+0
1401895350 -16.825951E+0
1401895352 -16.826517E+0
1401895354 -16.826801E+0
1401895356 -16.826235E+0
1401895358 -16.825388E+0
1401895360 -16.824257E+0
1401895362 -16.823692E+0
1401895364 -16.823692E+0
1401895366 -16.823692E+0
1401895368 -16.823408E+0
1401895370 -16.823127E+0
1401895372 -16.822277E+0
1401895374 -16.820865E+0
1401895376 -16.819450E+0
1401895378 -16.819169E+0
1401895380 -16.817754E+0
1401895382 -16.816907E+0
1401895384 -16.816623E+0
1401895386 -16.816057E+0
1401895388 -16.815776E+0
1401895390 -16.816623E+0
1401895392 -16.817188E+0
1401895394 -16.818038E+0
1401895396 -16.819450E+0
1401895398 -16.821712E+0
1401895400 -16.823408E+0
1401895402 -16.824539E+0
1401895404 -16.826801E+0
1401895406 -16.829062E+0
1401895408 -16.831040E+0
1401895410 -16.833020E+0
1401895412 -16.834151E+0
1401895414 -16.833586E+0
1401895416 -16.832455E+0
1401895418 -16.829628E+0
1401895420 -16.826517E+0
1401895422 -16.823692E+0
1401895424 -16.820299E+0
1401895426 -16.817472E+0
1401895428 -16.814645E+0
1401895430 -16.812665E+0
1401895432 -16.810406E+0
1401895434 -16.810687E+0
1401895436 -16.810406E+0
1401895438 -16.811534E+0
1401895440 -16.812665E+0
1401895442 -16.815776E+0
1401895444 -16.821712E+0
1401895446 -16.829628E+0
1401895448 -16.838956E+0
1401895450 -16.849981E+0
1401895452 -16.863267E+0
1401895454 -16.877403E+0
1401895456 -16.892667E+0
1401895458 -16.908500E+0
1401895460 -16.924048E+0
1401895462 -16.939031E+0
1401895464 -16.952598E+0
1401895466 -16.965603E+0
1401895468 -16.977759E+0
1401895470 -16.988502E+0
1401895472 -17.000374E+0
1401895474 -17.011683E+0
1401895476 -17.022707E+0
1401895478 -17.033166E+0
1401895480 -17.045322E+0
1401895482 -17.056347E+0
1401895484 -17.067937E+0
1401895486 -17.078964E+0
1401895488 -17.090002E+0
1401895490 -17.101026E+0
1401895492 -17.112051E+0
1401895494 -17.121379E+0
1401895496 -17.129011E+0
1401895498 -17.136928E+0
1401895500 -17.142863E+0
1401895502 -17.148236E+0
1401895504 -17.152194E+0
1401895506 -17.154737E+0
1401895508 -17.156434E+0
1401895510 -17.156999E+0
1401895512 -17.157565E+0
1401895514 -17.157281E+0
1401895516 -17.157565E+0
1401895518 -17.158130E+0
1401895520 -17.159261E+0
1401895522 -17.160957E+0
1401895524 -17.163784E+0
1401895526 -17.167458E+0
1401895528 -17.171133E+0
1401895530 -17.175940E+0
