1401891443 17.182229E+0
1401891445 17.181947E+0
1401891447 17.179414E+0
1401891449 17.177981E+0
1401891451 17.177137E+0
1401891453 17.177137E+0
1401891455 17.176855E+0
1401891457 17.168949E+0
1401891459 17.147173E+0
1401891461 17.106745E+0
1401891463 17.046255E+0
1401891465 16.963964E+0
1401891467 16.861920E+0
1401891469 16.740915E+0
1401891471 16.604071E+0
1401891473 16.451952E+0
1401891475 16.286578E+0
1401891477 16.110713E+0
1401891479 15.924971E+0
1401891481 15.730453E+0
1401891483 15.529435E+0
1401891485 15.322200E+0
1401891487 15.110155E+0
1401891489 14.894732E+0
1401891491 14.675062E+0
1401891493 14.453396E+0
1401891495 14.229760E+0
1401891497 14.004153E+0
1401891499 13.777984E+0
1401891501 13.550408E+0
1401891503 13.323370E+0
1401891505 13.095231E+0
1401891507 12.868192E+0
1401891509 12.641180E+0
1401891511 12.414423E+0
1401891513 12.189381E+0
1401891515 11.964339E+0
1401891517 11.740423E+0
1401891519 11.517070E+0
1401891521 11.294869E+0
1401891523 11.074613E+0
1401891525 10.855226E+0
1401891527 10.636966E+0
1401891529 10.419857E+0
1401891531 10.204693E+0
1401891533 9.990399E+0
1401891535 9.778357E+0
1401891537 9.567159E+0
1401891539 9.357958E+0
1401891541 9.149882E+0
1401891543 8.943777E+0
1401891545 8.739104E+0
1401891547 8.535814E+0
1401891549 8.333956E+0
1401891551 8.133506E+0
1401891553 7.934489E+0
1401891555 7.737161E+0
1401891557 7.540677E+0
1401891559 7.346164E+0
1401891561 7.151932E+0
1401891563 6.959952E+0
1401891565 6.769405E+0
1401891567 6.579421E+0
1401891569 6.391151E+0
1401891571 6.203419E+0
1401891573 6.016838E+0
1401891575 5.832509E+0
1401891577 5.648744E+0
1401891579 5.466385E+0
1401891581 5.284027E+0
1401891583 5.103946E+0
1401891585 4.924146E+0
1401891587 4.746035E+0
1401891589 4.568206E+0
1401891591 4.391810E+0
1401891593 4.216233E+0
1401891595 4.041500E+0
1401891597 3.867637E+0
1401891599 3.695463E+0
1401891601 3.524134E+0
1401891603 3.353393E+0
1401891605 3.184341E+0
1401891607 3.015544E+0
1401891609 2.848181E+0
1401891611 2.681100E+0
1401891613 2.515144E+0
1401891615 2.350621E+0
1401891617 2.186917E+0
1401891619 2.024083E+0
1401891621 1.862375E+0
1401891623 1.700667E+0
1401891625 1.540929E+0
1401891627 1.380910E+0
1401891629 1.222042E+0
1401891631 1.063431E+0
1401891633 906.814919E-3
1401891635 750.199128E-3
1401891637 595.272125E-3
1401891639 440.626646E-3
1401891641 287.107048E-3
1401891643 135.020368E-3
1401891645 -17.629148E-3
1401891647 -168.310988E-3
1401891649 -318.711310E-3
1401891651 -468.546102E-3
1401891653 -616.684442E-3
1401891655 -764.541265E-3
1401891657 -911.264541E-3
1401891659 -1.058285E+0
1401891661 -1.203595E+0
1401891663 -1.347778E+0
1401891665 -1.491392E+0
1401891667 -1.634725E+0
1401891669 -1.776924E+0
1401891671 -1.918560E+0
1401891673 -2.059631E+0
1401891675 -2.199571E+0
1401891677 -2.338661E+0
1401891679 -2.477188E+0
1401891681 -2.615147E+0
1401891683 -2.752260E+0
1401891685 -2.887957E+0
1401891687 -3.023657E+0
1401891689 -3.157941E+0
1401891691 -3.292226E+0
1401891693 -3.424530E+0
1401891695 -3.557687E+0
1401891697 -3.689159E+0
1401891699 -3.820051E+0
1401891701 -3.950659E+0
1401891703 -4.080422E+0
1401891705 -4.209333E+0
1401891707 -4.337116E+0
1401891709 -4.464334E+0
1401891711 -4.591267E+0
1401891713 -4.717635E+0
1401891715 -4.843155E+0
1401891717 -4.967264E+0
1401891719 -5.091651E+0
1401891721 -5.214910E+0
1401891723 -5.338169E+0
1401891725 -5.459450E+0
1401891727 -5.580728E+0
1401891729 -5.701160E+0
1401891731 -5.821591E+0
1401891733 -5.941457E+0
1401891735 -6.060192E+0
1401891737 -6.177796E+0
1401891739 -6.295684E+0
1401891741 -6.411886E+0
1401891743 -6.528077E+0
1401891745 -6.644269E+0
1401891747 -6.759045E+0
1401891749 -6.873540E+0
1401891751 -6.987467E+0
1401891753 -7.100550E+0
1401891755 -7.213346E+0
1401891757 -7.325013E+0
1401891759 -7.436397E+0
1401891761 -7.547499E+0
1401891763 -7.657470E+0
1401891765 -7.767723E+0
1401891767 -7.877129E+0
1401891769 -7.985403E+0
1401891771 -8.093113E+0
1401891773 -8.199972E+0
1401891775 -8.307116E+0
1401891777 -8.413129E+0
1401891779 -8.518860E+0
1401891781 -8.623176E+0
1401891783 -8.727209E+0
1401891785 -8.830960E+0
1401891787 -8.934710E+0
1401891789 -9.037627E+0
1401891791 -9.139966E+0
1401891793 -9.242020E+0
1401891795 -9.343790E+0
1401891797 -9.444714E+0
1401891799 -9.544790E+0
1401891801 -9.644583E+0
1401891803 -9.743528E+0
1401891805 -9.842190E+0
1401891807 -9.940570E+0
1401891809 -10.038666E+0
1401891811 -10.135066E+0
1401891813 -10.231468E+0
1401891815 -10.327867E+0
1401891817 -10.423985E+0
1401891819 -10.518407E+0
1401891821 -10.613110E+0
1401891823 -10.706967E+0
1401891825 -10.800823E+0
1401891827 -10.893830E+0
1401891829 -10.985708E+0
1401891831 -11.077019E+0
1401891833 -11.169178E+0
1401891835 -11.259923E+0
1401891837 -11.349821E+0
1401891839 -11.440285E+0
1401891841 -11.530182E+0
1401891843 -11.619799E+0
1401891845 -11.708566E+0
1401891847 -11.797064E+0
1401891849 -11.885547E+0
1401891851 -11.972618E+0
1401891853 -12.059688E+0
1401891855 -12.145912E+0
1401891857 -12.232136E+0
1401891859 -12.317510E+0
1401891861 -12.403165E+0
1401891863 -12.488258E+0
1401891865 -12.572220E+0
1401891867 -12.656179E+0
1401891869 -12.740141E+0
1401891871 -12.823253E+0
1401891873 -12.905803E+0
1401891875 -12.987784E+0
1401891877 -13.069200E+0
1401891879 -13.150616E+0
1401891881 -13.230903E+0
1401891883 -13.311472E+0
1401891885 -13.390908E+0
1401891887 -13.470630E+0
1401891889 -13.550633E+0
1401891891 -13.629503E+0
1401891893 -13.707810E+0
1401891895 -13.785552E+0
1401891897 -13.863294E+0
1401891899 -13.940188E+0
1401891901 -14.016799E+0
1401891903 -14.092844E+0
1401891905 -14.168889E+0
1401891907 -14.244369E+0
1401891909 -14.320696E+0
1401891911 -14.395045E+0
1401891913 -14.470258E+0
1401891915 -14.544610E+0
1401891917 -14.618959E+0
1401891919 -14.692742E+0
1401891921 -14.765676E+0
1401891923 -14.838047E+0
1401891925 -14.911265E+0
1401891927 -14.982786E+0
1401891929 -15.054308E+0
1401891931 -15.125548E+0
1401891933 -15.195939E+0
1401891935 -15.266611E+0
1401891937 -15.336438E+0
1401891939 -15.406263E+0
1401891941 -15.475239E+0
1401891943 -15.544501E+0
1401891945 -15.613761E+0
1401891947 -15.682174E+0
1401891949 -15.750019E+0
1401891951 -15.817019E+0
1401891953 -15.884864E+0
1401891955 -15.951864E+0
1401891957 -16.018862E+0
1401891959 -16.085294E+0
1401891961 -16.151161E+0
1401891963 -16.216465E+0
1401891965 -16.281767E+0
1401891967 -16.347068E+0
1401891969 -16.412372E+0
1401891971 -16.477108E+0
1401891973 -16.542128E+0
1401891975 -16.606299E+0
1401891977 -16.669906E+0
1401891979 -16.732946E+0
1401891981 -16.796270E+0
1401891983 -16.858178E+0
1401891985 -16.919806E+0
1401891987 -16.981152E+0
1401891989 -17.042213E+0
1401891991 -17.103569E+0
1401891993 -17.164066E+0
1401891995 -17.225128E+0
1401891997 -17.285624E+0
1401891999 -17.345839E+0
1401892001 -17.406335E+0
1401892003 -17.465701E+0
1401892005 -17.525348E+0
1401892007 -17.584432E+0
1401892009 -17.643232E+0
1401892011 -17.702313E+0
1401892013 -17.760832E+0
1401892015 -17.819066E+0
1401892017 -17.876735E+0
1401892019 -17.934123E+0
1401892021 -17.990661E+0
1401892023 -18.045784E+0
1401892025 -18.099214E+0
1401892027 -18.149816E+0
1401892029 -18.196177E+0
1401892031 -18.239429E+0
1401892033 -18.278441E+0
1401892035 -18.314907E+0
1401892037 -18.349396E+0
1401892039 -18.382473E+0
1401892041 -18.413569E+0
1401892043 -18.444947E+0
1401892045 -18.476327E+0
1401892047 -18.508270E+0
1401892049 -18.540213E+0
1401892051 -18.572724E+0
1401892053 -18.605798E+0
1401892055 -18.639156E+0
1401892057 -18.672514E+0
1401892059 -18.705588E+0
1401892061 -18.738664E+0
1401892063 -18.770607E+0
1401892065 -18.803119E+0
1401892067 -18.834496E+0
1401892069 -18.865592E+0
1401892071 -18.896407E+0
1401892073 -18.926372E+0
1401892075 -18.956338E+0
1401892077 -18.986303E+0
1401892079 -19.016550E+0
1401892081 -19.047081E+0
1401892083 -19.077611E+0
1401892085 -19.109273E+0
1401892087 -19.141500E+0
1401892089 -19.172877E+0
1401892091 -19.203974E+0
1401892093 -19.234504E+0
1401892095 -19.263904E+0
1401892097 -19.291608E+0
1401892099 -19.318180E+0
1401892101 -19.343341E+0
1401892103 -19.367652E+0
1401892105 -19.391681E+0
1401892107 -19.414015E+0
1401892109 -19.436064E+0
1401892111 -19.457266E+0
1401892113 -19.475641E+0
1401892115 -19.492886E+0
1401892117 -19.507584E+0
1401892119 -19.522002E+0
1401892121 -19.534723E+0
1401892123 -19.545182E+0
1401892125 -19.554229E+0
1401892127 -19.561861E+0
1401892129 -19.568930E+0
1401892131 -19.574582E+0
1401892133 -19.580801E+0
1401892135 -19.586740E+0
1401892137 -19.592675E+0
1401892139 -19.598611E+0
1401892141 -19.604831E+0
1401892143 -19.611332E+0
1401892145 -19.617833E+0
1401892147 -19.623487E+0
1401892149 -19.628295E+0
1401892151 -19.631404E+0
1401892153 -19.633947E+0
1401892155 -19.636492E+0
1401892157 -19.638754E+0
1401892159 -19.640450E+0
1401892161 -19.641297E+0
1401892163 -19.641297E+0
1401892165 -19.640732E+0
1401892167 -19.640732E+0
1401892169 -19.639885E+0
1401892171 -19.637623E+0
1401892173 -19.633947E+0
1401892175 -19.630557E+0
1401892177 -19.626599E+0
1401892179 -19.622075E+0
1401892181 -19.616986E+0
1401892183 -19.612181E+0
1401892185 -19.608223E+0
1401892187 -19.604265E+0
1401892189 -19.600307E+0
1401892191 -19.596349E+0
1401892193 -19.593241E+0
1401892195 -19.590695E+0
1401892197 -19.588152E+0
1401892199 -19.585325E+0
1401892201 -19.581932E+0
1401892203 -19.577693E+0
1401892205 -19.574300E+0
1401892207 -19.570342E+0
1401892209 -19.566668E+0
1401892211 -19.562992E+0
1401892213 -19.559599E+0
1401892215 -19.555078E+0
1401892217 -19.551685E+0
1401892219 -19.548293E+0
1401892221 -19.544616E+0
1401892223 -19.541226E+0
1401892225 -19.538115E+0
1401892227 -19.535007E+0
1401892229 -19.532745E+0
1401892231 -19.530765E+0
1401892233 -19.528787E+0
1401892235 -19.526809E+0
1401892237 -19.524263E+0
1401892239 -19.520024E+0
1401892241 -19.515782E+0
1401892243 -19.511261E+0
1401892245 -19.505323E+0
1401892247 -19.499387E+0
1401892249 -19.492886E+0
1401892251 -19.486101E+0
1401892253 -19.480446E+0
1401892255 -19.474792E+0
1401892257 -19.470269E+0
1401892259 -19.466029E+0
1401892261 -19.463202E+0
1401892263 -19.460940E+0
1401892265 -19.459809E+0
1401892267 -19.458113E+0
1401892269 -19.455570E+0
1401892271 -19.453308E+0
1401892273 -19.450481E+0
1401892275 -19.447938E+0
1401892277 -19.445958E+0
1401892279 -19.443980E+0
1401892281 -19.441718E+0
1401892283 -19.439738E+0
1401892285 -19.436629E+0
1401892287 -19.434933E+0
1401892289 -19.432390E+0
1401892291 -19.430694E+0
1401892293 -19.429279E+0
1401892295 -19.427301E+0
1401892297 -19.425605E+0
1401892299 -19.423908E+0
1401892301 -19.423343E+0
1401892303 -19.422494E+0
1401892305 -19.421647E+0
1401892307 -19.421081E+0
1401892309 -19.418820E+0
1401892311 -19.416842E+0
1401892313 -19.414015E+0
1401892315 -19.412318E+0
1401892317 -19.409207E+0
1401892319 -19.406383E+0
1401892321 -19.402990E+0
1401892323 -19.400728E+0
1401892325 -19.397617E+0
1401892327 -19.394790E+0
1401892329 -19.391116E+0
1401892331 -19.389420E+0
1401892333 -19.386877E+0
1401892335 -19.385462E+0
1401892337 -19.384896E+0
1401892339 -19.385180E+0
1401892341 -19.386311E+0
1401892343 -19.387723E+0
1401892345 -19.388854E+0
1401892347 -19.390269E+0
1401892349 -19.389985E+0
1401892351 -19.389704E+0
1401892353 -19.387723E+0
1401892355 -19.386027E+0
1401892357 -19.383484E+0
1401892359 -19.380657E+0
1401892361 -19.377264E+0
1401892363 -19.372741E+0
1401892365 -19.369348E+0
1401892367 -19.365956E+0
1401892369 -19.363128E+0
1401892371 -19.361716E+0
1401892373 -19.361716E+0
1401892375 -19.362563E+0
1401892377 -19.364259E+0
1401892379 -19.366521E+0
1401892381 -19.367370E+0
1401892383 -19.368501E+0
1401892385 -19.367936E+0
1401892387 -19.367652E+0
1401892389 -19.367086E+0
1401892391 -19.366240E+0
1401892393 -19.364825E+0
1401892395 -19.364543E+0
1401892397 -19.363412E+0
1401892399 -19.361998E+0
1401892401 -19.361716E+0
1401892403 -19.361435E+0
1401892405 -19.361998E+0
1401892407 -19.362282E+0
1401892409 -19.362847E+0
1401892411 -19.363128E+0
1401892413 -19.363412E+0
1401892415 -19.364259E+0
1401892417 -19.363978E+0
1401892419 -19.362282E+0
1401892421 -19.360585E+0
1401892423 -19.359454E+0
1401892425 -19.358608E+0
1401892427 -19.359173E+0
1401892429 -19.359738E+0
1401892431 -19.361435E+0
1401892433 -19.363128E+0
1401892435 -19.364825E+0
1401892437 -19.366521E+0
1401892439 -19.367086E+0
1401892441 -19.367652E+0
1401892443 -19.367086E+0
1401892445 -19.366805E+0
1401892447 -19.365390E+0
1401892449 -19.364543E+0
1401892451 -19.363412E+0
1401892453 -19.362282E+0
1401892455 -19.361435E+0
1401892457 -19.360585E+0
1401892459 -19.359454E+0
1401892461 -19.358324E+0
1401892463 -19.356062E+0
1401892465 -19.354366E+0
1401892467 -19.352669E+0
1401892469 -19.351538E+0
1401892471 -19.350973E+0
1401892473 -19.350407E+0
1401892475 -19.351257E+0
1401892477 -19.352388E+0
1401892479 -19.355215E+0
1401892481 -19.357758E+0
1401892483 -19.360585E+0
1401892485 -19.363978E+0
1401892487 -19.367936E+0
1401892489 -19.369914E+0
1401892491 -19.371894E+0
1401892493 -19.372741E+0
1401892495 -19.374156E+0
1401892497 -19.373872E+0
1401892500 -19.373590E+0
1401892502 -19.371328E+0
1401892504 -19.369632E+0
1401892506 -19.368217E+0
1401892508 -19.367370E+0
1401892510 -19.366521E+0
1401892512 -19.366240E+0
1401892514 -19.365956E+0
1401892516 -19.365674E+0
1401892518 -19.364825E+0
1401892520 -19.364543E+0
1401892522 -19.365390E+0
1401892524 -19.366521E+0
1401892526 -19.367936E+0
1401892528 -19.369632E+0
1401892530 -19.371044E+0
1401892532 -19.370763E+0
1401892534 -19.370198E+0
1401892536 -19.369348E+0
1401892538 -19.369632E+0
1401892540 -19.369348E+0
1401892542 -19.369632E+0
1401892544 -19.370479E+0
1401892546 -19.371044E+0
1401892548 -19.371894E+0
1401892550 -19.372459E+0
1401892552 -19.372741E+0
1401892554 -19.372175E+0
1401892556 -19.371610E+0
1401892558 -19.370763E+0
1401892560 -19.369067E+0
1401892562 -19.368217E+0
1401892564 -19.366805E+0
1401892566 -19.365109E+0
1401892568 -19.364259E+0
1401892570 -19.362563E+0
1401892572 -19.360869E+0
1401892574 -19.359738E+0
1401892576 -19.358889E+0
1401892578 -19.358324E+0
1401892580 -19.357193E+0
1401892582 -19.357193E+0
1401892584 -19.357193E+0
1401892586 -19.357477E+0
1401892588 -19.357758E+0
1401892590 -19.357758E+0
1401892592 -19.358324E+0
1401892594 -19.359454E+0
1401892596 -19.360869E+0
1401892598 -19.361998E+0
1401892600 -19.362563E+0
1401892602 -19.362563E+0
1401892604 -19.362847E+0
1401892606 -19.363128E+0
1401892608 -19.363694E+0
1401892610 -19.364543E+0
1401892612 -19.365956E+0
1401892614 -19.366521E+0
1401892616 -19.367936E+0
1401892618 -19.369348E+0
1401892620 -19.370479E+0
1401892622 -19.372175E+0
1401892624 -19.374437E+0
1401892626 -19.376699E+0
1401892628 -19.377830E+0
1401892630 -19.379242E+0
1401892632 -19.380373E+0
1401892634 -19.379526E+0
1401892636 -19.377546E+0
1401892638 -19.375002E+0
1401892640 -19.371894E+0
1401892642 -19.368783E+0
1401892644 -19.364825E+0
1401892646 -19.360869E+0
1401892648 -19.356911E+0
1401892650 -19.354084E+0
1401892652 -19.353235E+0
1401892654 -19.352388E+0
1401892656 -19.352669E+0
1401892658 -19.354650E+0
1401892660 -19.357193E+0
1401892662 -19.359173E+0
1401892664 -19.362282E+0
1401892666 -19.364825E+0
1401892668 -19.367652E+0
1401892670 -19.369067E+0
1401892672 -19.370479E+0
1401892674 -19.371328E+0
1401892676 -19.371044E+0
1401892678 -19.370479E+0
1401892680 -19.368783E+0
1401892682 -19.366240E+0
1401892684 -19.362282E+0
1401892686 -19.360020E+0
1401892688 -19.356346E+0
1401892690 -19.353800E+0
1401892692 -19.351538E+0
1401892694 -19.351538E+0
1401892696 -19.351822E+0
1401892698 -19.352953E+0
1401892700 -19.354650E+0
1401892702 -19.357758E+0
1401892704 -19.360585E+0
1401892706 -19.363694E+0
1401892708 -19.367652E+0
1401892710 -19.371328E+0
1401892712 -19.374721E+0
1401892714 -19.376980E+0
1401892716 -19.377830E+0
1401892718 -19.377830E+0
1401892720 -19.375852E+0
1401892722 -19.373590E+0
1401892724 -19.370479E+0
1401892726 -19.367936E+0
1401892728 -19.365674E+0
1401892730 -19.364543E+0
1401892732 -19.363978E+0
1401892734 -19.363978E+0
1401892736 -19.365109E+0
1401892738 -19.367086E+0
1401892740 -19.367086E+0
1401892742 -19.368783E+0
1401892744 -19.370198E+0
1401892746 -19.371328E+0
1401892748 -19.371894E+0
1401892750 -19.372459E+0
1401892752 -19.373025E+0
1401892754 -19.373025E+0
1401892756 -19.372741E+0
1401892758 -19.371894E+0
1401892760 -19.371610E+0
1401892762 -19.371610E+0
1401892764 -19.372175E+0
1401892766 -19.373025E+0
1401892768 -19.373872E+0
1401892770 -19.375568E+0
1401892772 -19.376417E+0
1401892774 -19.377830E+0
1401892776 -19.379807E+0
1401892778 -19.381222E+0
1401892780 -19.382634E+0
1401892782 -19.383484E+0
1401892784 -19.384331E+0
1401892786 -19.384331E+0
1401892788 -19.384896E+0
1401892790 -19.386311E+0
1401892792 -19.388007E+0
1401892794 -19.389704E+0
1401892796 -19.391116E+0
1401892798 -19.391681E+0
1401892800 -19.391963E+0
1401892802 -19.391963E+0
1401892804 -19.390551E+0
1401892806 -19.388854E+0
1401892808 -19.387442E+0
1401892810 -19.385462E+0
1401892812 -19.384049E+0
1401892814 -19.382353E+0
1401892816 -19.381222E+0
1401892818 -19.380657E+0
1401892820 -19.381222E+0
1401892822 -19.381222E+0
1401892824 -19.381788E+0
1401892826 -19.381788E+0
1401892828 -19.381788E+0
1401892830 -19.382918E+0
1401892832 -19.383200E+0
1401892834 -19.384331E+0
1401892836 -19.385180E+0
1401892838 -19.385746E+0
1401892840 -19.385180E+0
1401892842 -19.384896E+0
1401892844 -19.384331E+0
1401892846 -19.382353E+0
1401892848 -19.380373E+0
1401892850 -19.377264E+0
1401892852 -19.374721E+0
1401892854 -19.372175E+0
1401892856 -19.371328E+0
1401892858 -19.370763E+0
1401892860 -19.370763E+0
1401892862 -19.371894E+0
1401892864 -19.373590E+0
1401892866 -19.376417E+0
1401892868 -19.378676E+0
1401892870 -19.380657E+0
1401892872 -19.382918E+0
1401892874 -19.383484E+0
1401892876 -19.384331E+0
1401892878 -19.383200E+0
1401892880 -19.382634E+0
1401892882 -19.381222E+0
1401892884 -19.380091E+0
1401892886 -19.378395E+0
1401892888 -19.377830E+0
1401892890 -19.376699E+0
1401892892 -19.376133E+0
1401892894 -19.375852E+0
1401892896 -19.375852E+0
1401892898 -19.375002E+0
1401892900 -19.374721E+0
1401892902 -19.374437E+0
1401892904 -19.374721E+0
1401892906 -19.374156E+0
1401892908 -19.374721E+0
1401892910 -19.375852E+0
1401892912 -19.376699E+0
1401892914 -19.378111E+0
1401892916 -19.380091E+0
1401892918 -19.381222E+0
1401892920 -19.382918E+0
1401892922 -19.384615E+0
1401892924 -19.385746E+0
1401892926 -19.386593E+0
1401892928 -19.387723E+0
1401892930 -19.388007E+0
1401892932 -19.386877E+0
1401892934 -19.386027E+0
1401892936 -19.383484E+0
1401892938 -19.380657E+0
1401892940 -19.377264E+0
1401892942 -19.374156E+0
1401892944 -19.371894E+0
1401892946 -19.369348E+0
1401892948 -19.368783E+0
1401892950 -19.368217E+0
1401892952 -19.367652E+0
1401892954 -19.368783E+0
1401892956 -19.369632E+0
1401892958 -19.372459E+0
1401892960 -19.374437E+0
1401892962 -19.376980E+0
1401892964 -19.380373E+0
1401892966 -19.383765E+0
1401892968 -19.385746E+0
1401892970 -19.386877E+0
1401892972 -19.388007E+0
1401892974 -19.389420E+0
1401892976 -19.390551E+0
1401892978 -19.391400E+0
1401892980 -19.392528E+0
1401892982 -19.391681E+0
1401892984 -19.390269E+0
1401892986 -19.388854E+0
1401892988 -19.387723E+0
1401892990 -19.387158E+0
1401892992 -19.386877E+0
1401892994 -19.386311E+0
1401892996 -19.385462E+0
1401892998 -19.385180E+0
1401893000 -19.386593E+0
1401893002 -19.388289E+0
1401893004 -19.389420E+0
1401893006 -19.390835E+0
1401893008 -19.391963E+0
1401893010 -19.392812E+0
1401893012 -19.393659E+0
1401893014 -19.393659E+0
1401893016 -19.392528E+0
1401893018 -19.390835E+0
1401893020 -19.388854E+0
1401893022 -19.386877E+0
1401893024 -19.385180E+0
1401893026 -19.385180E+0
1401893028 -19.383765E+0
1401893030 -19.384049E+0
1401893032 -19.384331E+0
1401893034 -19.385462E+0
1401893036 -19.386877E+0
1401893038 -19.388289E+0
1401893040 -19.388854E+0
1401893042 -19.388573E+0
1401893044 -19.388573E+0
1401893046 -19.388573E+0
1401893048 -19.388573E+0
1401893050 -19.388289E+0
1401893052 -19.387723E+0
1401893054 -19.386027E+0
1401893056 -19.384049E+0
1401893058 -19.382634E+0
1401893060 -19.381222E+0
1401893062 -19.380373E+0
1401893064 -19.379526E+0
1401893066 -19.378960E+0
1401893068 -19.378960E+0
1401893070 -19.380373E+0
1401893072 -19.382069E+0
1401893074 -19.384049E+0
1401893076 -19.384615E+0
1401893078 -19.385180E+0
1401893080 -19.385180E+0
1401893082 -19.384896E+0
1401893084 -19.385746E+0
1401893086 -19.386593E+0
1401893088 -19.387442E+0
1401893090 -19.387723E+0
1401893092 -19.388007E+0
1401893094 -19.388573E+0
1401893096 -19.388854E+0
1401893098 -19.389138E+0
1401893100 -19.390269E+0
1401893102 -19.391681E+0
1401893104 -19.392812E+0
1401893106 -19.393659E+0
1401893108 -19.393943E+0
1401893110 -19.394225E+0
1401893112 -19.394225E+0
1401893114 -19.394225E+0
1401893116 -19.393378E+0
1401893118 -19.392812E+0
1401893120 -19.391681E+0
1401893122 -19.389985E+0
1401893124 -19.388289E+0
1401893126 -19.387723E+0
1401893128 -19.387442E+0
1401893130 -19.387158E+0
1401893132 -19.387723E+0
1401893134 -19.389138E+0
1401893136 -19.389704E+0
1401893138 -19.390269E+0
1401893140 -19.391116E+0
1401893142 -19.391400E+0
1401893144 -19.391963E+0
1401893146 -19.392812E+0
1401893148 -19.392812E+0
1401893150 -19.393094E+0
1401893152 -19.392528E+0
1401893154 -19.391681E+0
1401893156 -19.390835E+0
1401893158 -19.390551E+0
1401893160 -19.389985E+0
1401893162 -19.390269E+0
1401893164 -19.390269E+0
1401893166 -19.389704E+0
1401893168 -19.388289E+0
1401893170 -19.386877E+0
1401893172 -19.387158E+0
1401893174 -19.388573E+0
1401893176 -19.390551E+0
1401893178 -19.391681E+0
1401893180 -19.393378E+0
1401893182 -19.394790E+0
1401893184 -19.395639E+0
1401893186 -19.396486E+0
1401893188 -19.397052E+0
1401893190 -19.397336E+0
1401893192 -19.397901E+0
1401893194 -19.398183E+0
1401893196 -19.399597E+0
1401893198 -19.401010E+0
1401893200 -19.402990E+0
1401893202 -19.404686E+0
1401893204 -19.405252E+0
1401893206 -19.404686E+0
1401893208 -19.403555E+0
1401893210 -19.401294E+0
1401893212 -19.399879E+0
1401893214 -19.398467E+0
1401893216 -19.397336E+0
1401893218 -19.395921E+0
1401893220 -19.395355E+0
1401893222 -19.394790E+0
1401893224 -19.395074E+0
1401893226 -19.395355E+0
1401893228 -19.395355E+0
1401893230 -19.395355E+0
1401893232 -19.395355E+0
1401893234 -19.396770E+0
1401893236 -19.398748E+0
1401893238 -19.400163E+0
1401893240 -19.401294E+0
1401893242 -19.401575E+0
1401893244 -19.401294E+0
1401893246 -19.401294E+0
1401893248 -19.401010E+0
1401893250 -19.401010E+0
1401893252 -19.399879E+0
1401893254 -19.398467E+0
1401893256 -19.397052E+0
1401893258 -19.395921E+0
1401893260 -19.394790E+0
1401893262 -19.393943E+0
1401893264 -19.392247E+0
1401893266 -19.391400E+0
1401893268 -19.390835E+0
1401893270 -19.391681E+0
1401893272 -19.392247E+0
1401893274 -19.392812E+0
1401893276 -19.393659E+0
1401893278 -19.394509E+0
1401893280 -19.395921E+0
1401893282 -19.397336E+0
1401893284 -19.397336E+0
1401893286 -19.397052E+0
1401893288 -19.395921E+0
1401893290 -19.394509E+0
1401893292 -19.393094E+0
1401893294 -19.391963E+0
1401893296 -19.390269E+0
1401893298 -19.389985E+0
1401893300 -19.390269E+0
1401893302 -19.390835E+0
1401893304 -19.391681E+0
1401893306 -19.391963E+0
1401893308 -19.393943E+0
1401893310 -19.395639E+0
1401893312 -19.397901E+0
1401893314 -19.399597E+0
1401893316 -19.401859E+0
1401893318 -19.403555E+0
1401893320 -19.406099E+0
1401893322 -19.407229E+0
1401893324 -19.408076E+0
1401893326 -19.408076E+0
1401893328 -19.408076E+0
1401893330 -19.406099E+0
1401893332 -19.403271E+0
1401893334 -19.400444E+0
1401893336 -19.398183E+0
1401893338 -19.395921E+0
1401893340 -19.393943E+0
1401893342 -19.392812E+0
1401893344 -19.391681E+0
1401893346 -19.391116E+0
1401893348 -19.391400E+0
1401893350 -19.391400E+0
1401893352 -19.391116E+0
1401893354 -19.390835E+0
1401893356 -19.390835E+0
1401893358 -19.391400E+0
1401893360 -19.391681E+0
1401893362 -19.392528E+0
1401893364 -19.393943E+0
1401893366 -19.395074E+0
1401893368 -19.395921E+0
1401893370 -19.397052E+0
1401893372 -19.397617E+0
1401893374 -19.398467E+0
1401893376 -19.400163E+0
1401893378 -19.401575E+0
1401893380 -19.402706E+0
1401893382 -19.403271E+0
1401893384 -19.404121E+0
1401893386 -19.404121E+0
1401893388 -19.404686E+0
1401893390 -19.404402E+0
1401893392 -19.403555E+0
1401893394 -19.401010E+0
1401893396 -19.399032E+0
1401893398 -19.398183E+0
1401893400 -19.396486E+0
1401893402 -19.394225E+0
1401893404 -19.392247E+0
1401893406 -19.391400E+0
1401893408 -19.391681E+0
1401893410 -19.393094E+0
1401893412 -19.395921E+0
1401893414 -19.398748E+0
1401893416 -19.401859E+0
1401893418 -19.406099E+0
1401893420 -19.410057E+0
1401893422 -19.414580E+0
1401893424 -19.418820E+0
1401893426 -19.420800E+0
1401893428 -19.423343E+0
1401893430 -19.423908E+0
1401893432 -19.424190E+0
1401893434 -19.423343E+0
1401893436 -19.421647E+0
1401893438 -19.418538E+0
1401893440 -19.414296E+0
1401893442 -19.411187E+0
1401893444 -19.408076E+0
1401893446 -19.405533E+0
1401893448 -19.401010E+0
1401893450 -19.397617E+0
1401893452 -19.395355E+0
1401893454 -19.394225E+0
1401893456 -19.393378E+0
1401893458 -19.393378E+0
1401893460 -19.394790E+0
1401893462 -19.396486E+0
1401893464 -19.398748E+0
1401893466 -19.400444E+0
1401893468 -19.402141E+0
1401893470 -19.402706E+0
1401893472 -19.402990E+0
1401893474 -19.401859E+0
1401893476 -19.400444E+0
1401893478 -19.399597E+0
1401893480 -19.399032E+0
1401893482 -19.399597E+0
1401893484 -19.400163E+0
1401893486 -19.401859E+0
1401893488 -19.402706E+0
1401893490 -19.403555E+0
1401893492 -19.403271E+0
1401893494 -19.403271E+0
1401893496 -19.404402E+0
1401893498 -19.404686E+0
1401893500 -19.406099E+0
1401893502 -19.406948E+0
1401893504 -19.405817E+0
1401893506 -19.405533E+0
1401893508 -19.404968E+0
1401893510 -19.404968E+0
1401893512 -19.404121E+0
1401893514 -19.403837E+0
1401893516 -19.403271E+0
1401893518 -19.402706E+0
1401893520 -19.401294E+0
1401893522 -19.401575E+0
1401893524 -19.401575E+0
1401893526 -19.402141E+0
1401893528 -19.402141E+0
1401893530 -19.403271E+0
1401893532 -19.404121E+0
1401893534 -19.405252E+0
1401893536 -19.406664E+0
1401893538 -19.408360E+0
1401893540 -19.409773E+0
1401893542 -19.411187E+0
1401893544 -19.412034E+0
1401893546 -19.412884E+0
1401893548 -19.413165E+0
1401893550 -19.412600E+0
1401893552 -19.412318E+0
1401893554 -19.410903E+0
1401893556 -19.408360E+0
1401893558 -19.405533E+0
1401893560 -19.402990E+0
1401893562 -19.400728E+0
1401893564 -19.399313E+0
1401893566 -19.397901E+0
1401893568 -19.398467E+0
1401893570 -19.400163E+0
1401893572 -19.402990E+0
1401893574 -19.406383E+0
1401893576 -19.409773E+0
1401893578 -19.412600E+0
1401893580 -19.415145E+0
1401893582 -19.416558E+0
1401893584 -19.417689E+0
1401893586 -19.418538E+0
1401893588 -19.417973E+0
1401893590 -19.417407E+0
1401893592 -19.415427E+0
1401893594 -19.413165E+0
1401893596 -19.410622E+0
1401893598 -19.407229E+0
1401893600 -19.403837E+0
1401893602 -19.400444E+0
1401893604 -19.397617E+0
1401893606 -19.395355E+0
1401893608 -19.393943E+0
1401893610 -19.394509E+0
1401893612 -19.396205E+0
1401893614 -19.397901E+0
1401893616 -19.400163E+0
1401893618 -19.403555E+0
1401893620 -19.406099E+0
1401893622 -19.409207E+0
1401893624 -19.411469E+0
1401893626 -19.413449E+0
1401893628 -19.415427E+0
1401893630 -19.416842E+0
1401893632 -19.418254E+0
1401893634 -19.418820E+0
1401893636 -19.418538E+0
1401893638 -19.418254E+0
1401893640 -19.416276E+0
1401893642 -19.415145E+0
1401893644 -19.414015E+0
1401893646 -19.412600E+0
1401893648 -19.410903E+0
1401893650 -19.410338E+0
1401893652 -19.409207E+0
1401893654 -19.408360E+0
1401893656 -19.407795E+0
1401893658 -19.408926E+0
1401893660 -19.409491E+0
1401893662 -19.410622E+0
1401893664 -19.411469E+0
1401893666 -19.412884E+0
1401893668 -19.414861E+0
1401893670 -19.415427E+0
1401893672 -19.414580E+0
1401893674 -19.413449E+0
1401893676 -19.412034E+0
1401893678 -19.410057E+0
1401893680 -19.408642E+0
1401893682 -19.407795E+0
1401893684 -19.406948E+0
1401893686 -19.407511E+0
1401893688 -19.408926E+0
1401893690 -19.410057E+0
1401893692 -19.411469E+0
1401893694 -19.411469E+0
1401893696 -19.411753E+0
1401893698 -19.411469E+0
1401893700 -19.410622E+0
1401893702 -19.410622E+0
1401893704 -19.410903E+0
1401893706 -19.410903E+0
1401893708 -19.411469E+0
1401893710 -19.410903E+0
1401893712 -19.410057E+0
1401893714 -19.409207E+0
1401893716 -19.408360E+0
1401893718 -19.408360E+0
1401893720 -19.409773E+0
1401893722 -19.410338E+0
1401893724 -19.411469E+0
1401893726 -19.412318E+0
1401893728 -19.412600E+0
1401893730 -19.413165E+0
1401893732 -19.414015E+0
1401893734 -19.414861E+0
1401893736 -19.415427E+0
1401893738 -19.414861E+0
1401893740 -19.413731E+0
1401893742 -19.414015E+0
1401893744 -19.414015E+0
1401893746 -19.413731E+0
1401893748 -19.412034E+0
1401893750 -19.411469E+0
1401893752 -19.411187E+0
1401893754 -19.410338E+0
1401893756 -19.409773E+0
1401893758 -19.409207E+0
1401893760 -19.408076E+0
1401893762 -19.406099E+0
1401893764 -19.405252E+0
1401893766 -19.403837E+0
1401893768 -19.404121E+0
1401893770 -19.404402E+0
1401893772 -19.404968E+0
1401893774 -19.406099E+0
1401893776 -19.407229E+0
1401893778 -19.407795E+0
1401893780 -19.407795E+0
1401893782 -19.408642E+0
1401893784 -19.409491E+0
1401893786 -19.409491E+0
1401893789 -19.410903E+0
1401893791 -19.411753E+0
1401893793 -19.412318E+0
1401893795 -19.411469E+0
1401893797 -19.410338E+0
1401893799 -19.408642E+0
1401893801 -19.407795E+0
1401893803 -19.406383E+0
1401893805 -19.406383E+0
1401893807 -19.406383E+0
1401893809 -19.406948E+0
1401893811 -19.406664E+0
1401893813 -19.406948E+0
1401893815 -19.406948E+0
1401893817 -19.406664E+0
1401893819 -19.407795E+0
1401893821 -19.409207E+0
1401893823 -19.410057E+0
1401893825 -19.410622E+0
1401893827 -19.410622E+0
1401893829 -19.410338E+0
1401893831 -19.409207E+0
1401893833 -19.408360E+0
1401893835 -19.409491E+0
1401893837 -19.410903E+0
1401893839 -19.412884E+0
1401893841 -19.415145E+0
1401893843 -19.417407E+0
1401893845 -19.418820E+0
1401893847 -19.421081E+0
1401893849 -19.423059E+0
1401893851 -19.425321E+0
1401893853 -19.426736E+0
1401893855 -19.427301E+0
1401893857 -19.428432E+0
1401893859 -19.429563E+0
1401893861 -19.430694E+0
1401893863 -19.431540E+0
1401893865 -19.431824E+0
1401893867 -19.432106E+0
1401893869 -19.430410E+0
1401893871 -19.428432E+0
1401893873 -19.424474E+0
1401893875 -19.420516E+0
1401893877 -19.416558E+0
1401893879 -19.413449E+0
1401893881 -19.411753E+0
1401893883 -19.410622E+0
1401893885 -19.410057E+0
1401893887 -19.409207E+0
1401893889 -19.409773E+0
1401893891 -19.411187E+0
1401893893 -19.413165E+0
1401893895 -19.415427E+0
1401893897 -19.417973E+0
1401893899 -19.420800E+0
1401893901 -19.423059E+0
1401893903 -19.425039E+0
1401893905 -19.426736E+0
1401893907 -19.426736E+0
1401893909 -19.426170E+0
1401893911 -19.424190E+0
1401893913 -19.421931E+0
1401893915 -19.419104E+0
1401893917 -19.415145E+0
1401893919 -19.412318E+0
1401893921 -19.410622E+0
1401893923 -19.409491E+0
1401893925 -19.408926E+0
1401893927 -19.409207E+0
1401893929 -19.409207E+0
1401893931 -19.408642E+0
1401893933 -19.407795E+0
1401893935 -19.408076E+0
1401893937 -19.408642E+0
1401893939 -19.409491E+0
1401893941 -19.410338E+0
1401893943 -19.411753E+0
1401893945 -19.414861E+0
1401893947 -19.417123E+0
1401893949 -19.419950E+0
1401893951 -19.421365E+0
1401893953 -19.422778E+0
1401893955 -19.423343E+0
1401893957 -19.422778E+0
1401893959 -19.422494E+0
1401893961 -19.421647E+0
1401893963 -19.421931E+0
1401893965 -19.421931E+0
1401893967 -19.421365E+0
1401893969 -19.419104E+0
1401893971 -19.416842E+0
1401893973 -19.414015E+0
1401893975 -19.410903E+0
1401893977 -19.407795E+0
1401893979 -19.405252E+0
1401893981 -19.404121E+0
1401893983 -19.403555E+0
1401893985 -19.404968E+0
1401893987 -19.406383E+0
1401893989 -19.408642E+0
1401893991 -19.411469E+0
1401893993 -19.414015E+0
1401893995 -19.417123E+0
1401893997 -19.418820E+0
1401893999 -19.419950E+0
1401894001 -19.419385E+0
1401894003 -19.418538E+0
1401894005 -19.417689E+0
1401894007 -19.416276E+0
1401894009 -19.414296E+0
1401894011 -19.412034E+0
1401894013 -19.408642E+0
1401894015 -19.406383E+0
1401894017 -19.404686E+0
1401894019 -19.402990E+0
1401894021 -19.402425E+0
1401894023 -19.401294E+0
1401894025 -19.401010E+0
1401894027 -19.402141E+0
1401894029 -19.403555E+0
1401894031 -19.406383E+0
1401894033 -19.408360E+0
1401894035 -19.410338E+0
1401894037 -19.412600E+0
1401894039 -19.414580E+0
1401894041 -19.416558E+0
1401894043 -19.418538E+0
1401894045 -19.419669E+0
1401894047 -19.419104E+0
1401894049 -19.417973E+0
1401894051 -19.416842E+0
1401894053 -19.415992E+0
1401894055 -19.414861E+0
1401894057 -19.414580E+0
1401894059 -19.414015E+0
1401894061 -19.413731E+0
1401894063 -19.413165E+0
1401894065 -19.412034E+0
1401894067 -19.411187E+0
1401894069 -19.410338E+0
1401894071 -19.410057E+0
1401894073 -19.410057E+0
1401894075 -19.411187E+0
1401894077 -19.412600E+0
1401894079 -19.414015E+0
1401894081 -19.415427E+0
1401894083 -19.417123E+0
1401894085 -19.417973E+0
1401894087 -19.418254E+0
1401894089 -19.418820E+0
1401894091 -19.419104E+0
1401894093 -19.419385E+0
1401894095 -19.419385E+0
1401894097 -19.419669E+0
1401894099 -19.419950E+0
1401894101 -19.419950E+0
1401894103 -19.420234E+0
1401894105 -19.419669E+0
1401894107 -19.419104E+0
1401894109 -19.418820E+0
1401894111 -19.418254E+0
1401894113 -19.416842E+0
1401894115 -19.415427E+0
1401894117 -19.415145E+0
1401894119 -19.414861E+0
1401894121 -19.414580E+0
1401894123 -19.415427E+0
1401894125 -19.415992E+0
1401894127 -19.416558E+0
1401894129 -19.416842E+0
1401894131 -19.416558E+0
1401894133 -19.415145E+0
1401894135 -19.414580E+0
1401894137 -19.413165E+0
1401894139 -19.412034E+0
1401894141 -19.411187E+0
1401894143 -19.410057E+0
1401894145 -19.409207E+0
1401894147 -19.409207E+0
1401894149 -19.409207E+0
1401894151 -19.409491E+0
1401894153 -19.409773E+0
1401894155 -19.410903E+0
1401894157 -19.412034E+0
1401894159 -19.413731E+0
1401894161 -19.416276E+0
1401894163 -19.418254E+0
1401894165 -19.420516E+0
1401894167 -19.422778E+0
1401894169 -19.424190E+0
1401894171 -19.424190E+0
1401894173 -19.423624E+0
1401894175 -19.421931E+0
1401894177 -19.420516E+0
1401894179 -19.417973E+0
1401894181 -19.414861E+0
1401894183 -19.412318E+0
1401894185 -19.410338E+0
1401894187 -19.408642E+0
1401894189 -19.407511E+0
1401894191 -19.406664E+0
1401894193 -19.406383E+0
1401894195 -19.407229E+0
1401894197 -19.407795E+0
1401894199 -19.409207E+0
1401894201 -19.410338E+0
1401894203 -19.411469E+0
1401894205 -19.413731E+0
1401894207 -19.416276E+0
1401894209 -19.417689E+0
1401894211 -19.419104E+0
1401894213 -19.419669E+0
1401894215 -19.419385E+0
1401894217 -19.419385E+0
1401894219 -19.418538E+0
1401894221 -19.417123E+0
1401894223 -19.415711E+0
1401894225 -19.415145E+0
1401894227 -19.414861E+0
1401894229 -19.414296E+0
1401894231 -19.414861E+0
1401894233 -19.415711E+0
1401894235 -19.416558E+0
1401894237 -19.417973E+0
1401894239 -19.419950E+0
1401894241 -19.421365E+0
1401894243 -19.421081E+0
1401894245 -19.421365E+0
1401894247 -19.421081E+0
1401894249 -19.421081E+0
1401894251 -19.420516E+0
1401894253 -19.420234E+0
1401894255 -19.419385E+0
1401894257 -19.419104E+0
1401894259 -19.419385E+0
1401894261 -19.419385E+0
1401894263 -19.419385E+0
1401894265 -19.419385E+0
1401894267 -19.419104E+0
1401894269 -19.418538E+0
1401894271 -19.417973E+0
1401894273 -19.416842E+0
1401894275 -19.416276E+0
1401894277 -19.415145E+0
1401894279 -19.415427E+0
1401894281 -19.415711E+0
1401894283 -19.416558E+0
1401894285 -19.417689E+0
1401894287 -19.417689E+0
1401894289 -19.417973E+0
1401894291 -19.417689E+0
1401894293 -19.416842E+0
1401894295 -19.416276E+0
1401894297 -19.416276E+0
1401894299 -19.416842E+0
1401894301 -19.417123E+0
1401894303 -19.417407E+0
1401894305 -19.417123E+0
1401894307 -19.417407E+0
1401894309 -19.417123E+0
1401894311 -19.416558E+0
1401894313 -19.415992E+0
1401894315 -19.416276E+0
1401894317 -19.415992E+0
1401894319 -19.415992E+0
1401894321 -19.416276E+0
1401894323 -19.416842E+0
1401894325 -19.418538E+0
1401894327 -19.420234E+0
1401894329 -19.422212E+0
1401894331 -19.423343E+0
1401894333 -19.425605E+0
1401894335 -19.426170E+0
1401894337 -19.427301E+0
1401894339 -19.428713E+0
1401894341 -19.428148E+0
1401894343 -19.427582E+0
1401894345 -19.427582E+0
1401894347 -19.426736E+0
1401894349 -19.424474E+0
1401894351 -19.421931E+0
1401894353 -19.419950E+0
1401894355 -19.417973E+0
1401894357 -19.417689E+0
1401894359 -19.416842E+0
1401894361 -19.415711E+0
1401894363 -19.414580E+0
1401894365 -19.414015E+0
1401894367 -19.414015E+0
1401894369 -19.414580E+0
1401894371 -19.415427E+0
1401894373 -19.415711E+0
1401894375 -19.415145E+0
1401894377 -19.414296E+0
1401894379 -19.414580E+0
1401894381 -19.414580E+0
1401894383 -19.415427E+0
1401894385 -19.415992E+0
1401894387 -19.416842E+0
1401894389 -19.417407E+0
1401894391 -19.418820E+0
1401894393 -19.419669E+0
1401894395 -19.419385E+0
1401894397 -19.419104E+0
1401894399 -19.418254E+0
1401894401 -19.417973E+0
1401894403 -19.418820E+0
1401894405 -19.419104E+0
1401894407 -19.419385E+0
1401894409 -19.420234E+0
1401894411 -19.420516E+0
1401894413 -19.420800E+0
1401894415 -19.419669E+0
1401894417 -19.419104E+0
1401894419 -19.419104E+0
1401894421 -19.419385E+0
1401894423 -19.419950E+0
1401894425 -19.420516E+0
1401894427 -19.421647E+0
1401894429 -19.421081E+0
1401894431 -19.420800E+0
1401894433 -19.419950E+0
1401894435 -19.419385E+0
1401894437 -19.419104E+0
1401894439 -19.419104E+0
1401894441 -19.419669E+0
1401894443 -19.420234E+0
1401894445 -19.419950E+0
1401894447 -19.420800E+0
1401894449 -19.420234E+0
1401894451 -19.420234E+0
1401894453 -19.419669E+0
1401894455 -19.419669E+0
1401894457 -19.420800E+0
1401894459 -19.421365E+0
1401894461 -19.421931E+0
1401894463 -19.421931E+0
1401894465 -19.422212E+0
1401894467 -19.423624E+0
1401894469 -19.426170E+0
1401894471 -19.428148E+0
1401894473 -19.429844E+0
1401894475 -19.431259E+0
1401894477 -19.431540E+0
1401894479 -19.430694E+0
1401894481 -19.430128E+0
1401894483 -19.427301E+0
1401894485 -19.424755E+0
1401894487 -19.421081E+0
1401894489 -19.418538E+0
1401894491 -19.415992E+0
1401894493 -19.415145E+0
1401894495 -19.414296E+0
1401894497 -19.414580E+0
1401894499 -19.415145E+0
1401894501 -19.415711E+0
1401894503 -19.415992E+0
1401894505 -19.417123E+0
1401894507 -19.419104E+0
1401894509 -19.421931E+0
1401894511 -19.425321E+0
1401894513 -19.429563E+0
1401894515 -19.432671E+0
1401894517 -19.435498E+0
1401894519 -19.437760E+0
1401894521 -19.439456E+0
1401894523 -19.441434E+0
1401894525 -19.443414E+0
1401894527 -19.443414E+0
1401894529 -19.443130E+0
1401894531 -19.440869E+0
1401894533 -19.438326E+0
1401894535 -19.434933E+0
1401894537 -19.431259E+0
1401894539 -19.427866E+0
1401894541 -19.424755E+0
1401894543 -19.421931E+0
1401894545 -19.419385E+0
1401894547 -19.417973E+0
1401894549 -19.417689E+0
1401894551 -19.417973E+0
1401894553 -19.418820E+0
1401894555 -19.420234E+0
1401894557 -19.422212E+0
1401894559 -19.424474E+0
1401894561 -19.426452E+0
1401894563 -19.427582E+0
1401894565 -19.428997E+0
1401894567 -19.429563E+0
1401894569 -19.429563E+0
1401894571 -19.429279E+0
1401894573 -19.428997E+0
1401894575 -19.428713E+0
1401894577 -19.429563E+0
1401894579 -19.429563E+0
1401894581 -19.429844E+0
1401894583 -19.429563E+0
1401894585 -19.428997E+0
1401894587 -19.427301E+0
1401894589 -19.425321E+0
1401894591 -19.423059E+0
1401894593 -19.420800E+0
1401894595 -19.419104E+0
1401894597 -19.417973E+0
1401894599 -19.417689E+0
1401894601 -19.418538E+0
1401894603 -19.419385E+0
1401894605 -19.419950E+0
1401894607 -19.420800E+0
1401894609 -19.422494E+0
1401894611 -19.424190E+0
1401894613 -19.425321E+0
1401894615 -19.425039E+0
1401894617 -19.424190E+0
1401894619 -19.423908E+0
1401894621 -19.423343E+0
1401894623 -19.423059E+0
1401894625 -19.423343E+0
1401894627 -19.423343E+0
1401894629 -19.423343E+0
1401894631 -19.423343E+0
1401894633 -19.423908E+0
1401894635 -19.424474E+0
1401894637 -19.424755E+0
1401894639 -19.425039E+0
1401894641 -19.425321E+0
1401894643 -19.425886E+0
1401894645 -19.426170E+0
1401894647 -19.425886E+0
1401894649 -19.425321E+0
1401894651 -19.425039E+0
1401894653 -19.424474E+0
1401894655 -19.424474E+0
1401894657 -19.425039E+0
1401894659 -19.424755E+0
1401894661 -19.424474E+0
1401894663 -19.423624E+0
1401894665 -19.422494E+0
1401894667 -19.420516E+0
1401894669 -19.417689E+0
1401894671 -19.415711E+0
1401894673 -19.414015E+0
1401894675 -19.414296E+0
1401894677 -19.415427E+0
1401894679 -19.417123E+0
1401894681 -19.419385E+0
1401894683 -19.420800E+0
1401894685 -19.422494E+0
1401894687 -19.423343E+0
1401894689 -19.423908E+0
1401894691 -19.423343E+0
1401894693 -19.422212E+0
1401894695 -19.421365E+0
1401894697 -19.421365E+0
1401894699 -19.421365E+0
1401894701 -19.421081E+0
1401894703 -19.421931E+0
1401894705 -19.422778E+0
1401894707 -19.424755E+0
1401894709 -19.426736E+0
1401894711 -19.427301E+0
1401894713 -19.428713E+0
1401894715 -19.428997E+0
1401894717 -19.428432E+0
1401894719 -19.428148E+0
1401894721 -19.427017E+0
1401894723 -19.425039E+0
1401894725 -19.422494E+0
1401894727 -19.420234E+0
1401894729 -19.418820E+0
1401894731 -19.417973E+0
1401894733 -19.417973E+0
1401894735 -19.418538E+0
1401894737 -19.419385E+0
1401894739 -19.420800E+0
1401894741 -19.421931E+0
1401894743 -19.422778E+0
1401894745 -19.423624E+0
1401894747 -19.423908E+0
1401894749 -19.424474E+0
1401894751 -19.424474E+0
1401894753 -19.424755E+0
1401894755 -19.425039E+0
1401894757 -19.424755E+0
1401894759 -19.423624E+0
1401894761 -19.422212E+0
1401894763 -19.420516E+0
1401894765 -19.419950E+0
1401894767 -19.420234E+0
1401894769 -19.420800E+0
1401894771 -19.421365E+0
1401894773 -19.421931E+0
1401894775 -19.422778E+0
1401894777 -19.423624E+0
1401894779 -19.425039E+0
1401894781 -19.426452E+0
1401894783 -19.427301E+0
1401894785 -19.427866E+0
1401894787 -19.427582E+0
1401894789 -19.427582E+0
1401894791 -19.427866E+0
1401894793 -19.428148E+0
1401894795 -19.427017E+0
1401894797 -19.426452E+0
1401894799 -19.425605E+0
1401894801 -19.425321E+0
1401894803 -19.425886E+0
1401894805 -19.425886E+0
1401894807 -19.426452E+0
1401894809 -19.427866E+0
1401894811 -19.428148E+0
1401894813 -19.428148E+0
1401894815 -19.428997E+0
1401894817 -19.429563E+0
1401894819 -19.429844E+0
1401894821 -19.428713E+0
1401894823 -19.427582E+0
1401894825 -19.425321E+0
1401894827 -19.423343E+0
1401894829 -19.421647E+0
1401894831 -19.419669E+0
1401894833 -19.417973E+0
1401894835 -19.416558E+0
1401894837 -19.416276E+0
1401894839 -19.416842E+0
1401894841 -19.417973E+0
1401894843 -19.419950E+0
1401894845 -19.422212E+0
1401894847 -19.424190E+0
1401894849 -19.426452E+0
1401894851 -19.427582E+0
1401894853 -19.426736E+0
1401894855 -19.425605E+0
1401894857 -19.425039E+0
1401894859 -19.424755E+0
1401894861 -19.424190E+0
1401894863 -19.423908E+0
1401894865 -19.424474E+0
1401894867 -19.425039E+0
1401894869 -19.424474E+0
1401894871 -19.424474E+0
1401894873 -19.422778E+0
1401894875 -19.421647E+0
1401894877 -19.419950E+0
1401894879 -19.417973E+0
1401894881 -19.417123E+0
1401894883 -19.416276E+0
1401894885 -19.417407E+0
1401894887 -19.418820E+0
1401894889 -19.419950E+0
1401894891 -19.421081E+0
1401894893 -19.421647E+0
1401894895 -19.421931E+0
1401894897 -19.422212E+0
1401894899 -19.423343E+0
1401894901 -19.424474E+0
1401894903 -19.424755E+0
1401894905 -19.423908E+0
1401894907 -19.422778E+0
1401894909 -19.421647E+0
1401894911 -19.420800E+0
1401894913 -19.420234E+0
1401894915 -19.420234E+0
1401894917 -19.420800E+0
1401894919 -19.421647E+0
1401894921 -19.423343E+0
1401894923 -19.425039E+0
1401894925 -19.427017E+0
1401894927 -19.428148E+0
1401894929 -19.428997E+0
1401894931 -19.430128E+0
1401894933 -19.431259E+0
1401894935 -19.431824E+0
1401894937 -19.430975E+0
1401894939 -19.430694E+0
1401894941 -19.429563E+0
1401894943 -19.429563E+0
1401894945 -19.429279E+0
1401894947 -19.428997E+0
1401894949 -19.428432E+0
1401894951 -19.428148E+0
1401894953 -19.428148E+0
1401894955 -19.428432E+0
1401894957 -19.427866E+0
1401894959 -19.427301E+0
1401894961 -19.427301E+0
1401894963 -19.427582E+0
1401894965 -19.427866E+0
1401894967 -19.427582E+0
1401894969 -19.429279E+0
1401894971 -19.430975E+0
1401894973 -19.432106E+0
1401894975 -19.433521E+0
1401894977 -19.433802E+0
1401894979 -19.433521E+0
1401894981 -19.434086E+0
1401894983 -19.434368E+0
1401894985 -19.436064E+0
1401894987 -19.438326E+0
1401894989 -19.440022E+0
1401894991 -19.441718E+0
1401894993 -19.444261E+0
1401894995 -19.444827E+0
1401894997 -19.444827E+0
1401894999 -19.445111E+0
1401895001 -19.445392E+0
1401895003 -19.445392E+0
1401895005 -19.444261E+0
1401895007 -19.442849E+0
1401895009 -19.441718E+0
1401895011 -19.440869E+0
1401895013 -19.440303E+0
1401895015 -19.440303E+0
1401895017 -19.441153E+0
1401895019 -19.441434E+0
1401895021 -19.440869E+0
1401895023 -19.440022E+0
1401895025 -19.437760E+0
1401895027 -19.436348E+0
1401895029 -19.436629E+0
1401895031 -19.436913E+0
1401895033 -19.438607E+0
1401895035 -19.440022E+0
1401895037 -19.441434E+0
1401895039 -19.443130E+0
1401895041 -19.443696E+0
1401895043 -19.443696E+0
1401895045 -19.443414E+0
1401895047 -19.444261E+0
1401895049 -19.445958E+0
1401895051 -19.448503E+0
1401895053 -19.451047E+0
1401895055 -19.452743E+0
1401895057 -19.453308E+0
1401895059 -19.452743E+0
1401895061 -19.450765E+0
1401895063 -19.449069E+0
1401895065 -19.447372E+0
1401895067 -19.446242E+0
1401895069 -19.445111E+0
1401895071 -19.443980E+0
1401895073 -19.443130E+0
1401895075 -19.442565E+0
1401895077 -19.442000E+0
1401895079 -19.442284E+0
1401895081 -19.443414E+0
1401895083 -19.444261E+0
1401895085 -19.444827E+0
1401895087 -19.445676E+0
1401895089 -19.446807E+0
1401895091 -19.447654E+0
1401895093 -19.448785E+0
1401895095 -19.449069E+0
1401895097 -19.450481E+0
1401895099 -19.452177E+0
1401895102 -19.453024E+0
1401895104 -19.453590E+0
1401895106 -19.453590E+0
1401895108 -19.452459E+0
1401895110 -19.451612E+0
1401895112 -19.450765E+0
1401895114 -19.449634E+0
1401895116 -19.449350E+0
1401895118 -19.448219E+0
1401895120 -19.449069E+0
1401895122 -19.449634E+0
1401895124 -19.450765E+0
1401895126 -19.452743E+0
1401895128 -19.454439E+0
1401895130 -19.457548E+0
1401895132 -19.459809E+0
1401895134 -19.462355E+0
1401895136 -19.465182E+0
1401895138 -19.466879E+0
1401895140 -19.468291E+0
1401895142 -19.468291E+0
1401895144 -19.468007E+0
1401895146 -19.466313E+0
1401895148 -19.464333E+0
1401895150 -19.462355E+0
1401895152 -19.459528E+0
1401895154 -19.456417E+0
1401895156 -19.452743E+0
1401895158 -19.449350E+0
1401895160 -19.448219E+0
1401895162 -19.446807E+0
1401895164 -19.446242E+0
1401895166 -19.446523E+0
1401895168 -19.447938E+0
1401895170 -19.449634E+0
1401895172 -19.452459E+0
1401895174 -19.455851E+0
1401895176 -19.459528E+0
1401895178 -19.462921E+0
1401895180 -19.466029E+0
1401895182 -19.468856E+0
1401895184 -19.469703E+0
1401895186 -19.470834E+0
1401895188 -19.471399E+0
1401895190 -19.471683E+0
1401895192 -19.471399E+0
1401895194 -19.470269E+0
1401895196 -19.467725E+0
1401895198 -19.464333E+0
1401895200 -19.460375E+0
1401895202 -19.455851E+0
1401895204 -19.451612E+0
1401895206 -19.447372E+0
1401895208 -19.443696E+0
1401895210 -19.441434E+0
1401895212 -19.440303E+0
1401895214 -19.440587E+0
1401895216 -19.442849E+0
1401895218 -19.445958E+0
1401895220 -19.450200E+0
1401895222 -19.453874E+0
1401895224 -19.456417E+0
1401895226 -19.458963E+0
1401895228 -19.460659E+0
1401895230 -19.462355E+0
1401895232 -19.463202E+0
1401895234 -19.462355E+0
1401895236 -19.461506E+0
1401895238 -19.458679E+0
1401895240 -19.457266E+0
1401895242 -19.456701E+0
1401895244 -19.456417E+0
1401895246 -19.457266E+0
1401895248 -19.458397E+0
1401895250 -19.459809E+0
1401895252 -19.461790E+0
1401895254 -19.462921E+0
1401895256 -19.464333E+0
1401895258 -19.465748E+0
1401895260 -19.466313E+0
1401895262 -19.465748E+0
1401895264 -19.465182E+0
1401895266 -19.463767E+0
1401895268 -19.462637E+0
1401895270 -19.461506E+0
1401895272 -19.460093E+0
1401895274 -19.458679E+0
1401895276 -19.456135E+0
1401895278 -19.453024E+0
1401895280 -19.450481E+0
1401895282 -19.448219E+0
1401895284 -19.446523E+0
1401895286 -19.445111E+0
1401895288 -19.444261E+0
1401895290 -19.443130E+0
1401895292 -19.442000E+0
1401895294 -19.441718E+0
1401895296 -19.441434E+0
1401895298 -19.441434E+0
1401895300 -19.441434E+0
1401895302 -19.441153E+0
1401895304 -19.440303E+0
1401895306 -19.440303E+0
1401895308 -19.440303E+0
1401895310 -19.440022E+0
1401895312 -19.439738E+0
1401895314 -19.439456E+0
1401895316 -19.438891E+0
1401895318 -19.438326E+0
1401895320 -19.438326E+0
1401895322 -19.438042E+0
1401895324 -19.438326E+0
1401895326 -19.438326E+0
1401895328 -19.437195E+0
1401895330 -19.436348E+0
1401895332 -19.435498E+0
1401895334 -19.434652E+0
1401895336 -19.432106E+0
1401895338 -19.430694E+0
1401895340 -19.429279E+0
1401895342 -19.428432E+0
1401895344 -19.428713E+0
1401895346 -19.429844E+0
1401895348 -19.430694E+0
1401895350 -19.432955E+0
1401895352 -19.434086E+0
1401895354 -19.434086E+0
1401895356 -19.433521E+0
1401895358 -19.432955E+0
1401895360 -19.432671E+0
1401895362 -19.432390E+0
1401895364 -19.432671E+0
1401895366 -19.432955E+0
1401895368 -19.433521E+0
1401895370 -19.432955E+0
1401895372 -19.431824E+0
1401895374 -19.430975E+0
1401895376 -19.430694E+0
1401895378 -19.429563E+0
1401895380 -19.428432E+0
1401895382 -19.428432E+0
1401895384 -19.428432E+0
1401895386 -19.428148E+0
1401895388 -19.428148E+0
1401895390 -19.427866E+0
1401895392 -19.428148E+0
1401895394 -19.428713E+0
1401895396 -19.430410E+0
1401895398 -19.432671E+0
1401895400 -19.434086E+0
1401895402 -19.435782E+0
1401895404 -19.438326E+0
1401895406 -19.441153E+0
1401895408 -19.443696E+0
1401895410 -19.445958E+0
1401895412 -19.447088E+0
1401895414 -19.446523E+0
1401895416 -19.444545E+0
1401895418 -19.441718E+0
1401895420 -19.438891E+0
1401895422 -19.435217E+0
1401895424 -19.431824E+0
1401895426 -19.428997E+0
1401895428 -19.426170E+0
1401895430 -19.423908E+0
1401895432 -19.422778E+0
1401895434 -19.422778E+0
1401895436 -19.423059E+0
1401895438 -19.424190E+0
1401895440 -19.424755E+0
1401895442 -19.426452E+0
1401895444 -19.428997E+0
1401895446 -19.429563E+0
1401895448 -19.430694E+0
1401895450 -19.431259E+0
1401895452 -19.432106E+0
1401895454 -19.433521E+0
1401895456 -19.434368E+0
1401895458 -19.435498E+0
1401895460 -19.436348E+0
1401895462 -19.436064E+0
1401895464 -19.435498E+0
1401895466 -19.433521E+0
1401895468 -19.431824E+0
1401895470 -19.429844E+0
1401895472 -19.428148E+0
1401895474 -19.427582E+0
1401895476 -19.427866E+0
1401895478 -19.428432E+0
1401895480 -19.428997E+0
1401895482 -19.430975E+0
1401895484 -19.433802E+0
1401895486 -19.436913E+0
1401895488 -19.440587E+0
1401895490 -19.444827E+0
1401895492 -19.449069E+0
1401895494 -19.452743E+0
1401895496 -19.455005E+0
1401895498 -19.456982E+0
1401895500 -19.458397E+0
1401895502 -19.458113E+0
1401895504 -19.457832E+0
1401895506 -19.456417E+0
1401895508 -19.453874E+0
1401895510 -19.451331E+0
1401895512 -19.447654E+0
1401895514 -19.443696E+0
1401895516 -19.440587E+0
1401895518 -19.437476E+0
1401895520 -19.435782E+0
1401895522 -19.434652E+0
1401895524 -19.434652E+0
1401895526 -19.435498E+0
1401895528 -19.437195E+0
1401895530 -19.440022E+0
